         0, 2147483647,  1011, 2.56571836139011501E+304
         1,     524777,  1011, 2.88183743202758136E-001
         2,     524734,  1011, 4.89568174919907284E-001
         3,     524723,  1011, 6.94913240372236229E-001
         4,     524639,  1011, 8.91659433549510799E-002
         5,     524313,  1011, 9.73649849013604948E-003
         6,     523972,  1011, 1.05861563213062852E-004
         7,     523814,  1011, 5.75141637887673121E-007
         8,     515031,  1011, 8.10239748337400375E-010
         9,     233690,  1011, 1.75126418600615174E-013
        10,      50095,  1011, 1.83427044970947519E-015
        11,       4524,  1011, 1.78944253561652880E-015
        12,         30,  1011, 1.78759848298453767E-015
        13,          3,  1011, 1.69898209241041505E-015
        14,          0,  1011, 0.00000000000000000E+000
"j", "||(G*V)j - (U*Σ)j||_F / Σj"
          1, 1.59104275145957208E-013
          2, 1.80497138505261609E-013
          3, 1.66210554791875232E-013
          4, 1.84487919259547412E-013
          5, 1.97334876694133260E-013
          6, 2.19185755327539452E-013
          7, 1.92482381081908271E-013
          8, 1.94116082120818928E-013
          9, 1.86452974477658545E-013
         10, 1.66899875769656930E-013
         11, 2.08156768850492772E-013
         12, 1.49316297791724930E-013
         13, 1.84299146348666117E-013
         14, 1.62986445422882555E-013
         15, 2.02714321520129190E-013
         16, 2.09896188124015370E-013
         17, 2.23110582852018073E-013
         18, 2.00841750432387214E-013
         19, 1.93631776954519310E-013
         20, 1.79564742697926913E-013
         21, 2.41506608814417578E-013
         22, 2.09291651034931363E-013
         23, 1.86751191374258995E-013
         24, 1.83834974562460537E-013
         25, 1.80943846767836246E-013
         26, 1.99357692814116099E-013
         27, 2.03920647886093699E-013
         28, 1.95753197506741524E-013
         29, 1.89774559638714575E-013
         30, 1.85112648542477742E-013
         31, 1.93278310965437838E-013
         32, 2.00245243051411905E-013
         33, 2.06839222176209419E-013
         34, 1.79268049079049006E-013
         35, 1.99366020657344461E-013
         36, 2.15622363882930717E-013
         37, 2.02012512255843815E-013
         38, 1.51477087804200630E-013
         39, 1.77231735493599270E-013
         40, 1.98507288368062392E-013
         41, 2.07128722109891467E-013
         42, 1.91121955307145233E-013
         43, 1.80699571624913809E-013
         44, 1.81117853738467629E-013
         45, 1.86967494691911005E-013
         46, 2.06343701648696646E-013
         47, 2.14228908847027022E-013
         48, 2.06122539063708924E-013
         49, 2.17249638901436516E-013
         50, 2.08968638772800174E-013
         51, 1.86425219917933648E-013
         52, 1.82510297285966130E-013
         53, 1.83613646587795431E-013
         54, 1.83443560371883055E-013
         55, 2.21292456553651281E-013
         56, 2.03347720595539919E-013
         57, 1.91585031225377699E-013
         58, 1.85130267181062509E-013
         59, 1.76519159430370572E-013
         60, 1.97343973421362094E-013
         61, 2.29603255510135725E-013
         62, 2.18302939571472596E-013
         63, 2.30783076018003274E-013
         64, 2.04216508093626238E-013
         65, 2.12864089073361644E-013
         66, 2.21632533057509856E-013
         67, 1.94148024014210920E-013
         68, 1.90106666991536000E-013
         69, 2.23218083802970439E-013
         70, 2.11736716878216581E-013
         71, 2.09610302167333590E-013
         72, 1.93488499983510898E-013
         73, 2.31865096621890707E-013
         74, 1.93838349663855127E-013
         75, 2.15992705785378869E-013
         76, 2.10260087535571699E-013
         77, 2.28905540908601662E-013
         78, 2.16958600648057908E-013
         79, 1.94594397083706262E-013
         80, 1.82798812871316283E-013
         81, 1.99219647229450686E-013
         82, 2.14777186403693027E-013
         83, 2.15476946021358025E-013
         84, 2.11475347048620549E-013
         85, 2.11850751070241461E-013
         86, 2.39210223107609098E-013
         87, 2.16174001477259164E-013
         88, 2.40923959634600933E-013
         89, 2.12514859556636724E-013
         90, 1.91128356357713037E-013
         91, 2.11394398345672032E-013
         92, 2.52551918927592574E-013
         93, 2.07392164390256989E-013
         94, 2.10892765822876081E-013
         95, 2.14425799204029653E-013
         96, 2.00780653547553232E-013
         97, 2.00730493868335953E-013
         98, 2.01709534681850271E-013
         99, 1.91674099898793765E-013
        100, 2.28470838515922149E-013
        101, 2.32081353390910577E-013
        102, 1.67197625805041290E-013
        103, 1.99355603751980419E-013
        104, 2.15268260827272308E-013
        105, 2.25734999588176790E-013
        106, 2.24146737438709288E-013
        107, 2.40295257493857179E-013
        108, 2.18878637586100791E-013
        109, 2.28318353180935907E-013
        110, 1.97336429693509736E-013
        111, 2.40803169108132860E-013
        112, 2.25450745355217956E-013
        113, 2.17847099405722926E-013
        114, 2.17007925883055027E-013
        115, 2.17265270752247180E-013
        116, 2.11930776004333786E-013
        117, 2.43483586365975254E-013
        118, 2.09311823982963299E-013
        119, 2.13188555911037498E-013
        120, 2.21708706420193175E-013
        121, 2.16598790537905050E-013
        122, 2.44418354439647771E-013
        123, 2.02288493784891914E-013
        124, 2.29104600585375871E-013
        125, 2.36387759580352065E-013
        126, 2.22465476845241632E-013
        127, 2.40223627825422773E-013
        128, 2.61383745796900717E-013
        129, 2.34623113679434995E-013
        130, 2.15757227352573601E-013
        131, 2.20270113137274725E-013
        132, 2.22624097130925089E-013
        133, 2.20686400981202292E-013
        134, 2.10405285761267302E-013
        135, 2.08345385946156874E-013
        136, 2.21150699429118778E-013
        137, 2.20200944918304440E-013
        138, 1.99310899190492144E-013
        139, 2.13265451727613317E-013
        140, 2.16298271566269941E-013
        141, 2.43784669665256533E-013
        142, 2.09141680922929324E-013
        143, 2.10418020724785487E-013
        144, 2.02190488423618895E-013
        145, 2.34812359240165607E-013
        146, 2.26237422600624583E-013
        147, 1.87197104949009682E-013
        148, 2.06963788312236683E-013
        149, 2.45311621048680111E-013
        150, 2.52199676326985706E-013
        151, 2.20723697790971394E-013
        152, 2.00841502316829511E-013
        153, 2.29122252263857752E-013
        154, 2.05582953709884807E-013
        155, 1.89597549271895818E-013
        156, 2.23206632754868715E-013
        157, 1.91530670134746390E-013
        158, 2.19197011933501851E-013
        159, 2.32438316588450292E-013
        160, 2.73497045478676926E-013
        161, 1.94234781837174294E-013
        162, 2.13956931126845989E-013
        163, 2.15364026454576588E-013
        164, 2.25271767552617031E-013
        165, 2.49187822914289256E-013
        166, 2.62072200039251165E-013
        167, 2.49388550329114165E-013
        168, 2.26926367780711230E-013
        169, 2.34094841751649562E-013
        170, 1.93949539099130973E-013
        171, 2.56420994334873542E-013
        172, 2.33248019179882955E-013
        173, 2.35927838335616198E-013
        174, 2.49208261886717885E-013
        175, 1.95432288193748780E-013
        176, 2.45277607446074764E-013
        177, 2.27763266821453998E-013
        178, 2.52023021149423660E-013
        179, 2.43508077058889339E-013
        180, 2.09463735688256490E-013
        181, 2.48473345855754213E-013
        182, 1.88729745512448950E-013
        183, 2.51682705480632710E-013
        184, 2.59532908018589917E-013
        185, 2.21914786118561169E-013
        186, 2.64529406113659638E-013
        187, 2.71686277227940093E-013
        188, 2.09657856451456634E-013
        189, 2.17888860733386815E-013
        190, 2.58190874403989241E-013
        191, 2.78307522324044049E-013
        192, 1.95978610394303376E-013
        193, 2.70413469447791207E-013
        194, 2.65990962348530033E-013
        195, 2.51469364751269602E-013
        196, 2.50479433440780970E-013
        197, 2.52937410248364745E-013
        198, 2.11472343137350322E-013
        199, 2.39883592338781496E-013
        200, 2.59498442051435418E-013
        201, 2.48063953819629176E-013
        202, 2.57055172804380844E-013
        203, 2.65250715307465502E-013
        204, 3.13401129395871783E-013
        205, 2.69600037520393611E-013
        206, 2.24970978659688163E-013
        207, 2.82817068721247421E-013
        208, 2.22760349570286793E-013
        209, 2.74449757215838800E-013
        210, 2.85165893382042243E-013
        211, 3.29332329600446968E-013
        212, 2.50853982508643516E-013
        213, 2.24467259789535712E-013
        214, 2.28834436758472902E-013
        215, 2.46497061958928540E-013
        216, 2.86599150903785065E-013
        217, 2.67948976987985520E-013
        218, 2.52932974485903427E-013
        219, 2.80143062383191946E-013
        220, 2.55880693573148505E-013
        221, 2.12048082293267833E-013
        222, 2.74918302977860587E-013
        223, 2.39619526125293215E-013
        224, 2.65143973851129071E-013
        225, 2.44261565460081124E-013
        226, 2.65236825829020083E-013
        227, 2.67158403050442352E-013
        228, 3.04665460412215934E-013
        229, 2.34256910931566289E-013
        230, 2.86951496121846004E-013
        231, 2.39047855404265985E-013
        232, 2.62949830300224050E-013
        233, 2.99913019396504109E-013
        234, 2.61540082949570261E-013
        235, 2.34337142572408591E-013
        236, 2.99409924189082888E-013
        237, 2.60198924005653352E-013
        238, 2.33349109623245920E-013
        239, 2.47846047732832985E-013
        240, 2.55689694547875598E-013
        241, 2.38373541237537338E-013
        242, 2.65337196852365580E-013
        243, 2.68661171850589093E-013
        244, 2.89498937855716866E-013
        245, 2.47598424552326990E-013
        246, 2.74586300086841574E-013
        247, 2.79701301895793156E-013
        248, 2.66445763735434653E-013
        249, 2.60349855914793401E-013
        250, 2.28949642093824567E-013
        251, 2.71877983586170090E-013
        252, 2.69585361744493865E-013
        253, 2.85381803629433279E-013
        254, 3.10651842470916693E-013
        255, 2.52651819571234120E-013
        256, 2.88849510423956949E-013
        257, 2.76600877648624751E-013
        258, 3.09092784666753974E-013
        259, 2.63727993900631267E-013
        260, 2.65025105930077281E-013
        261, 3.00699459352694206E-013
        262, 2.73822861560428620E-013
        263, 3.01159837770370181E-013
        264, 2.73010845842322358E-013
        265, 2.95286790705514514E-013
        266, 2.96111404875441595E-013
        267, 3.55587255645366044E-013
        268, 2.70871969068765804E-013
        269, 3.01864578181654607E-013
        270, 2.63311806864060081E-013
        271, 2.65622160855555470E-013
        272, 2.89445200938769518E-013
        273, 2.69539337226722327E-013
        274, 2.63560220962854011E-013
        275, 2.50116439909658067E-013
        276, 2.62462478279611225E-013
        277, 2.71796899830227481E-013
        278, 2.44811999135726706E-013
        279, 2.96977986103099460E-013
        280, 2.99988161597546423E-013
        281, 3.17891511278491915E-013
        282, 2.83745808968223414E-013
        283, 3.11050556106427608E-013
        284, 2.58380672450282245E-013
        285, 2.79529647282839240E-013
        286, 2.79083426184764133E-013
        287, 2.90120232394343603E-013
        288, 3.18516588422267598E-013
        289, 2.60824466292797082E-013
        290, 2.87619252870895622E-013
        291, 2.87434776876899213E-013
        292, 3.05912401881963957E-013
        293, 3.27476074888203127E-013
        294, 2.77395041519335343E-013
        295, 2.71152549874414928E-013
        296, 2.54605825865489289E-013
        297, 2.69182268615164630E-013
        298, 2.52706688937316481E-013
        299, 2.54050550668234937E-013
        300, 2.95382420654375639E-013
        301, 2.85849157722018091E-013
        302, 3.11404282698383371E-013
        303, 2.67152463112810209E-013
        304, 2.75918692132205018E-013
        305, 2.87636628871036079E-013
        306, 2.65518488646086859E-013
        307, 2.93917984650410372E-013
        308, 2.97061273281923176E-013
        309, 2.74853444922157291E-013
        310, 2.84513512463050285E-013
        311, 2.61740723877321804E-013
        312, 3.10631418102231269E-013
        313, 2.78445708153304962E-013
        314, 2.94954509625317100E-013
        315, 3.53798804166706989E-013
        316, 3.84521871913475340E-013
        317, 2.47949251788592726E-013
        318, 3.06818408133803616E-013
        319, 2.73641879068373798E-013
        320, 2.52641708575695282E-013
        321, 3.33109241900367907E-013
        322, 3.38967898769855270E-013
        323, 2.48414425272242263E-013
        324, 2.87542081221557633E-013
        325, 3.19236301784421639E-013
        326, 2.95981814758513117E-013
        327, 2.98208598592429906E-013
        328, 3.00771355957146019E-013
        329, 2.51608026136520510E-013
        330, 2.93965867946234088E-013
        331, 2.99905474383299639E-013
        332, 2.62304816291678247E-013
        333, 2.87312239710353818E-013
        334, 3.14120998369800587E-013
        335, 2.78666714529836987E-013
        336, 2.72274543481987229E-013
        337, 2.88079701593470199E-013
        338, 3.06681090549095309E-013
        339, 2.84894116560445260E-013
        340, 2.70114399857044432E-013
        341, 2.81542248677539913E-013
        342, 2.46996728139816991E-013
        343, 2.62208011623440849E-013
        344, 2.91745522782948139E-013
        345, 2.55394489666259858E-013
        346, 2.47171290727892235E-013
        347, 2.75116018496731490E-013
        348, 2.80303493686460497E-013
        349, 3.15268760909340337E-013
        350, 3.28662251256239480E-013
        351, 2.95851017798508014E-013
        352, 3.40145570522569329E-013
        353, 3.00072279972077501E-013
        354, 3.08643502286795972E-013
        355, 2.96486994222381990E-013
        356, 3.25041432292073305E-013
        357, 3.22734483597046926E-013
        358, 3.14686991326240420E-013
        359, 3.09859675359691561E-013
        360, 2.91987795873792826E-013
        361, 3.19003502569154628E-013
        362, 3.52668481188451010E-013
        363, 3.01798796214041997E-013
        364, 3.31907378898259632E-013
        365, 3.39936309690524120E-013
        366, 3.02021350750270467E-013
        367, 2.74552361950028721E-013
        368, 4.03658581547199580E-013
        369, 3.56600256375640740E-013
        370, 2.91734348024715666E-013
        371, 3.26389183033269041E-013
        372, 3.67631921276165785E-013
        373, 3.66134993544537384E-013
        374, 3.10992677032842702E-013
        375, 3.33693529989372641E-013
        376, 3.82577733580616186E-013
        377, 2.92209153784589085E-013
        378, 3.76052195382919559E-013
        379, 3.61192134246820396E-013
        380, 3.35132156513957796E-013
        381, 3.21194798532403487E-013
        382, 3.50346255561065356E-013
        383, 3.47670843845552441E-013
        384, 3.80736874251977719E-013
        385, 3.63181361433080648E-013
        386, 3.40412601556411203E-013
        387, 3.56438128338556005E-013
        388, 3.58521598109548620E-013
        389, 3.63707948660819378E-013
        390, 3.32733670897133359E-013
        391, 3.19938543048114042E-013
        392, 3.34060372948746124E-013
        393, 3.27043627612386079E-013
        394, 3.75514510814284583E-013
        395, 3.27172564676801183E-013
        396, 3.65320576542772401E-013
        397, 4.15792882607265945E-013
        398, 4.20223292481941192E-013
        399, 3.75914446167810864E-013
        400, 3.71011720986351230E-013
        401, 3.13830489431900329E-013
        402, 3.88359516216550255E-013
        403, 3.10455726595929253E-013
        404, 3.47034001429638884E-013
        405, 3.89059795513425870E-013
        406, 3.54655328559551443E-013
        407, 3.69552574236864692E-013
        408, 3.23574875911117019E-013
        409, 4.04972387699855858E-013
        410, 3.72955019418199983E-013
        411, 3.56180623257360681E-013
        412, 3.50732932320734096E-013
        413, 4.17006402381922816E-013
        414, 4.30413724026046437E-013
        415, 3.63150298091104177E-013
        416, 4.15443208081606712E-013
        417, 3.96273243736272145E-013
        418, 3.90621383333679873E-013
        419, 4.09316337530132339E-013
        420, 3.62630959988496383E-013
        421, 3.80584135776355376E-013
        422, 4.18859626595449880E-013
        423, 3.75819478998007408E-013
        424, 4.11943764893427575E-013
        425, 4.15777675024230669E-013
        426, 4.11284885469529014E-013
        427, 4.00258529543760114E-013
        428, 3.25569355177593230E-013
        429, 3.67549786017209042E-013
        430, 4.21997009595404566E-013
        431, 4.29224449595009723E-013
        432, 4.27395568874684748E-013
        433, 4.18773384016406629E-013
        434, 4.12091978106120143E-013
        435, 4.22266680433237582E-013
        436, 3.89385376839930518E-013
        437, 4.51911373603657760E-013
        438, 4.42730947711707542E-013
        439, 4.35487302840375657E-013
        440, 3.70160335174892186E-013
        441, 3.85344317442861187E-013
        442, 4.31915298109415505E-013
        443, 3.87872831655019930E-013
        444, 3.88156778777504232E-013
        445, 3.85830948902926697E-013
        446, 4.38021120555419051E-013
        447, 4.49928939848700716E-013
        448, 4.11289772467787977E-013
        449, 4.84875586264039519E-013
        450, 4.18885221050122875E-013
        451, 4.64485735168318749E-013
        452, 3.78919422019705398E-013
        453, 3.93929912160028686E-013
        454, 4.50464601139821675E-013
        455, 4.73601990603090881E-013
        456, 4.11754523787116159E-013
        457, 4.22004760174651250E-013
        458, 4.07166019129743650E-013
        459, 4.42026762120571167E-013
        460, 4.67568081644658249E-013
        461, 4.48813487044801637E-013
        462, 4.40645018838485200E-013
        463, 4.60381388983745527E-013
        464, 4.32359866651805952E-013
        465, 4.65379969131239955E-013
        466, 4.39924482329550590E-013
        467, 4.76336615015932873E-013
        468, 4.27917788072543172E-013
        469, 4.39944229578449443E-013
        470, 4.91888108985497044E-013
        471, 4.40988673998927499E-013
        472, 4.66897655738271580E-013
        473, 5.66236268195260577E-013
        474, 4.70387686920013161E-013
        475, 4.02689735737851369E-013
        476, 4.20557238778269805E-013
        477, 5.26559271568979437E-013
        478, 4.70817135751456983E-013
        479, 5.11551775875475754E-013
        480, 4.56468843730211998E-013
        481, 4.66625928940469599E-013
        482, 4.63356923314776314E-013
        483, 4.33264207445954298E-013
        484, 4.56941416976856246E-013
        485, 5.39373111715622079E-013
        486, 4.78879963987158209E-013
        487, 6.15759532587830674E-013
        488, 5.48545124676735689E-013
        489, 5.38459308964884130E-013
        490, 5.31930783438103032E-013
        491, 4.33446807953763668E-013
        492, 5.92024099312424977E-013
        493, 5.29072846725543462E-013
        494, 5.72811761422981325E-013
        495, 5.01119173219835547E-013
        496, 5.50422011099647081E-013
        497, 5.60771671389522527E-013
        498, 4.68382550626319438E-013
        499, 6.18588849700595187E-013
        500, 5.11963725635271682E-013
        501, 6.11390509114698594E-013
        502, 5.62424801635667857E-013
        503, 5.98963674921856782E-013
        504, 6.38816352576660552E-013
        505, 5.10323345543127641E-013
        506, 6.09064648685092807E-013
        507, 6.06312025918550674E-013
        508, 7.70108604219594451E-013
        509, 6.25222404540365814E-013
        510, 7.02886333927037018E-013
        511, 8.93400093768419272E-013
        512, 8.97531227774653281E-013
        513, 1.70656874271518372E-013
        514, 1.74036363827973097E-013
        515, 1.93885456939004844E-013
        516, 1.83376623392226192E-013
        517, 1.98067410234607089E-013
        518, 1.85301882617114557E-013
        519, 2.09143687217303391E-013
        520, 2.05578221029973033E-013
        521, 2.11171645564000987E-013
        522, 2.18308728760988753E-013
        523, 2.32098391439627824E-013
        524, 1.74402530842917674E-013
        525, 1.96357120165370688E-013
        526, 2.05519249573365936E-013
        527, 1.84280337990453774E-013
        528, 1.90482402396041442E-013
        529, 1.97219198946432094E-013
        530, 2.26407538310204461E-013
        531, 2.13694525396614533E-013
        532, 1.74754970593784276E-013
        533, 2.19651868806128447E-013
        534, 1.87815172960936523E-013
        535, 1.82538406459852436E-013
        536, 1.90788620579626376E-013
        537, 1.78938670106518530E-013
        538, 1.89915950926154860E-013
        539, 2.34061572113311535E-013
        540, 1.71693185556378497E-013
        541, 1.95247309543330712E-013
        542, 1.96008022730171704E-013
        543, 1.68968109539022539E-013
        544, 1.63234988311700136E-013
        545, 1.96501928996423691E-013
        546, 1.80609431818582263E-013
        547, 1.62574831333463120E-013
        548, 2.19943866799519785E-013
        549, 1.77106415277420807E-013
        550, 1.70036170402348517E-013
        551, 2.14915515797146230E-013
        552, 1.97153381933531295E-013
        553, 2.25985756053430608E-013
        554, 1.74398427436896318E-013
        555, 2.02431739562955298E-013
        556, 2.44165760455408532E-013
        557, 2.09741580202569778E-013
        558, 2.05237719729372493E-013
        559, 2.10025491484964851E-013
        560, 1.94173284461474172E-013
        561, 2.03241850675455734E-013
        562, 1.94842014408677265E-013
        563, 2.13919542917936124E-013
        564, 2.03546263284407226E-013
        565, 2.11208738988454658E-013
        566, 2.48176613222690114E-013
        567, 1.86296983197185558E-013
        568, 2.27628137856089233E-013
        569, 1.81606803358900558E-013
        570, 2.04758408976729820E-013
        571, 2.08949651061248223E-013
        572, 2.01184324268145546E-013
        573, 1.81885888856244297E-013
        574, 2.21197299003057089E-013
        575, 2.17555502555910228E-013
        576, 1.91624373819818821E-013
        577, 2.10047115278899937E-013
        578, 2.10990290448352191E-013
        579, 1.99388330069111821E-013
        580, 2.07850012562703133E-013
        581, 2.24105599248788486E-013
        582, 1.95590433031102697E-013
        583, 1.79929902292151217E-013
        584, 2.24449157134935945E-013
        585, 2.33284489358759157E-013
        586, 1.89454547232696510E-013
        587, 1.89256622635025388E-013
        588, 2.06285046925751490E-013
        589, 2.17867792069841204E-013
        590, 2.03745002540516985E-013
        591, 2.40076358759512285E-013
        592, 1.94309377133725668E-013
        593, 2.16044845487885187E-013
        594, 2.14730020444407259E-013
        595, 1.97217018291028671E-013
        596, 2.14024434297478339E-013
        597, 1.96143249900528192E-013
        598, 2.28263775532630994E-013
        599, 2.11060370881159482E-013
        600, 2.14107357385084078E-013
        601, 2.07654617602787449E-013
        602, 2.15141148818199413E-013
        603, 2.08172790785216141E-013
        604, 2.43267254948352964E-013
        605, 1.88850485000527924E-013
        606, 2.11495718104561237E-013
        607, 2.10217265118409504E-013
        608, 2.14519774777806156E-013
        609, 2.06744067275330421E-013
        610, 2.69548738409318553E-013
        611, 1.96754816939459487E-013
        612, 1.94642246797780414E-013
        613, 2.04384838344305886E-013
        614, 2.05584367217039764E-013
        615, 2.63201758759622593E-013
        616, 2.06722686111065719E-013
        617, 2.32107018225096450E-013
        618, 1.62718978394646772E-013
        619, 2.23143673390402653E-013
        620, 2.13644903567165690E-013
        621, 1.90042110396747232E-013
        622, 2.22874441091457545E-013
        623, 2.29347403006977313E-013
        624, 2.11859326938224587E-013
        625, 2.14083614857774507E-013
        626, 2.09823453752465374E-013
        627, 2.20749889272694656E-013
        628, 2.13450056919041260E-013
        629, 2.40849357074066831E-013
        630, 2.32237537550369029E-013
        631, 2.02106967481435758E-013
        632, 2.30134831759041428E-013
        633, 2.30617155766935363E-013
        634, 1.80717098038813992E-013
        635, 2.24279412257716096E-013
        636, 2.20438480571123622E-013
        637, 2.16173697257124541E-013
        638, 2.33123875455127845E-013
        639, 2.79843637287192416E-013
        640, 2.33519257570047147E-013
        641, 2.24741794507191066E-013
        642, 2.17630902569862242E-013
        643, 2.17968472434799231E-013
        644, 2.08022960134711067E-013
        645, 2.05126759133408511E-013
        646, 2.12400210982871219E-013
        647, 2.10018530733181106E-013
        648, 2.36176257906627257E-013
        649, 2.08559392267863974E-013
        650, 2.28100710788374304E-013
        651, 2.36924131162485085E-013
        652, 2.05232331584642478E-013
        653, 2.26031588021215677E-013
        654, 2.10705969267350444E-013
        655, 2.04272367278016778E-013
        656, 2.21561669390552325E-013
        657, 2.57154638352475831E-013
        658, 2.45803631115829375E-013
        659, 2.46819286620285639E-013
        660, 2.15107604680266244E-013
        661, 2.16151550403452451E-013
        662, 2.51184063619592865E-013
        663, 2.47682424035499174E-013
        664, 2.27239116329762899E-013
        665, 1.88868253431051458E-013
        666, 2.31290765002839318E-013
        667, 2.01877389026264376E-013
        668, 2.29974530510992245E-013
        669, 2.39396662486451900E-013
        670, 2.21427545675100350E-013
        671, 1.93315355908799381E-013
        672, 2.12007156723386010E-013
        673, 2.10788835707409028E-013
        674, 2.12897654777247042E-013
        675, 2.80222990140040376E-013
        676, 2.51612895881776492E-013
        677, 2.26675161718448575E-013
        678, 2.63785649923888976E-013
        679, 2.75180403791627426E-013
        680, 2.62458781744898139E-013
        681, 2.09030879747748043E-013
        682, 2.50402116142980795E-013
        683, 2.75672895445457248E-013
        684, 2.56289641452576942E-013
        685, 2.60809409541237998E-013
        686, 2.89823353313234569E-013
        687, 2.34378334991637605E-013
        688, 2.32085731103587853E-013
        689, 1.97475909626501270E-013
        690, 2.53362325297791051E-013
        691, 2.08914723972031484E-013
        692, 2.63180863980861039E-013
        693, 2.38135756420337467E-013
        694, 2.11543235250833514E-013
        695, 2.53535137958498194E-013
        696, 2.31067970234808872E-013
        697, 2.47278148715468101E-013
        698, 3.00838371926445472E-013
        699, 2.27628048316245334E-013
        700, 2.15314115718469285E-013
        701, 2.50259426987545635E-013
        702, 2.87087457086763000E-013
        703, 2.35824868034147510E-013
        704, 2.58581253111978934E-013
        705, 2.54888870363835525E-013
        706, 2.66078038462867961E-013
        707, 2.58682943855076270E-013
        708, 2.27893759084045581E-013
        709, 2.42687557147876082E-013
        710, 2.56065705522812249E-013
        711, 2.89184006064121577E-013
        712, 2.26997806691225392E-013
        713, 2.48900880103383413E-013
        714, 2.32965710585335795E-013
        715, 2.28292413847318647E-013
        716, 2.29355030673835385E-013
        717, 2.12158846152060974E-013
        718, 2.05771410583319778E-013
        719, 2.04244869047663326E-013
        720, 2.18335524561336259E-013
        721, 1.90868980802958726E-013
        722, 2.27847532629061666E-013
        723, 2.39381779640823672E-013
        724, 2.58550123987797013E-013
        725, 2.29501804570395796E-013
        726, 2.19720456409030984E-013
        727, 2.34074728711834293E-013
        728, 2.45276534502572576E-013
        729, 2.40832769784145279E-013
        730, 3.04266637115498898E-013
        731, 3.30541804398932010E-013
        732, 2.76270407431720225E-013
        733, 2.37805656258526201E-013
        734, 2.61046863154131227E-013
        735, 2.51466456574640937E-013
        736, 2.31196366086955771E-013
        737, 2.94673682863174608E-013
        738, 2.91831911675312312E-013
        739, 2.66328944704061640E-013
        740, 2.73663989622350316E-013
        741, 2.34832485005541030E-013
        742, 2.74962900113564648E-013
        743, 2.44965473813463714E-013
        744, 2.37403589092513954E-013
        745, 2.15116307014655734E-013
        746, 2.51379795047788136E-013
        747, 2.57746075411758022E-013
        748, 2.90355925082161701E-013
        749, 2.55742526759922348E-013
        750, 2.23937020743708157E-013
        751, 2.58154058720753588E-013
        752, 2.64529162778128632E-013
        753, 2.70550490342861208E-013
        754, 2.35710550417847809E-013
        755, 2.45756342032222703E-013
        756, 2.47837927901127887E-013
        757, 2.31925970438119471E-013
        758, 2.88438728620990303E-013
        759, 2.65748501183610937E-013
        760, 2.56741373405558287E-013
        761, 3.09190333416488117E-013
        762, 3.09801913399501963E-013
        763, 3.31083916617110175E-013
        764, 2.86372038220483942E-013
        765, 2.61402378783613822E-013
        766, 3.06601764223596590E-013
        767, 2.66088654854459531E-013
        768, 2.71616066418122429E-013
        769, 2.72662120259789282E-013
        770, 3.26432431463926500E-013
        771, 2.76656765327587479E-013
        772, 2.51247226645004429E-013
        773, 2.92648701295516025E-013
        774, 2.92230418686804489E-013
        775, 2.58771982431103651E-013
        776, 2.41143489594583944E-013
        777, 2.82178372311412377E-013
        778, 2.60266259010079026E-013
        779, 2.67846633823136024E-013
        780, 2.65280060642317985E-013
        781, 2.90128212918645705E-013
        782, 2.77192610836845787E-013
        783, 2.55808463118515991E-013
        784, 2.67804839292260165E-013
        785, 2.43479703008588030E-013
        786, 2.60246246616572228E-013
        787, 2.83250325035180940E-013
        788, 3.18336023927206434E-013
        789, 3.26198225040562898E-013
        790, 2.27413719780122806E-013
        791, 3.43826061973516311E-013
        792, 2.69620078979588857E-013
        793, 2.31395230034986768E-013
        794, 2.89341984117022079E-013
        795, 2.95772523750255307E-013
        796, 2.99813069997562561E-013
        797, 2.77889371022710973E-013
        798, 2.98623823029410848E-013
        799, 3.06940693440711948E-013
        800, 2.67500703002254074E-013
        801, 2.95699994061723487E-013
        802, 3.09162793707986772E-013
        803, 2.54543914949315399E-013
        804, 2.34699022695520749E-013
        805, 2.28394878386204178E-013
        806, 2.49259530521058114E-013
        807, 2.79973341268537810E-013
        808, 2.41614874586970761E-013
        809, 2.95123031464522952E-013
        810, 2.97945518341440527E-013
        811, 2.70735456711092019E-013
        812, 2.66618563009969123E-013
        813, 2.77141368655802385E-013
        814, 2.61937607586769131E-013
        815, 3.59799857559409198E-013
        816, 2.94862604339316897E-013
        817, 3.39384551284924375E-013
        818, 2.77593516337027359E-013
        819, 3.18645564791228171E-013
        820, 2.85938318868766637E-013
        821, 2.85466104464896748E-013
        822, 3.25732189898086480E-013
        823, 2.87348303322254467E-013
        824, 2.92907960034660781E-013
        825, 2.75859795073149737E-013
        826, 2.78778345659875623E-013
        827, 3.25526690470559246E-013
        828, 2.47699558228845329E-013
        829, 2.57665381883299111E-013
        830, 2.82960487419647882E-013
        831, 2.75798926179153063E-013
        832, 2.71854453210776765E-013
        833, 2.45886386050609082E-013
        834, 2.55271985843167551E-013
        835, 3.03143013351919120E-013
        836, 2.92909322014056132E-013
        837, 2.88449754552853745E-013
        838, 2.59100449755594719E-013
        839, 2.69595620618511215E-013
        840, 2.45970388653797484E-013
        841, 2.84438121026731355E-013
        842, 2.44122364169754160E-013
        843, 2.85906151855999262E-013
        844, 2.84651048092385752E-013
        845, 2.60681372479623479E-013
        846, 3.45871633096005000E-013
        847, 3.03760986179594746E-013
        848, 2.67414226369997275E-013
        849, 2.97822474432890598E-013
        850, 3.02015484877086846E-013
        851, 2.72274051079626427E-013
        852, 2.90130448163701251E-013
        853, 2.94337956108390019E-013
        854, 2.96597248980757022E-013
        855, 2.75286150957047141E-013
        856, 3.14787886162673624E-013
        857, 3.44060900207629871E-013
        858, 2.83505917535306008E-013
        859, 2.51685124324602763E-013
        860, 2.89062099502310692E-013
        861, 2.75034394318443931E-013
        862, 2.64747641958705659E-013
        863, 3.25786691310923999E-013
        864, 3.08469749163452420E-013
        865, 3.31878704548173184E-013
        866, 2.93370255974061088E-013
        867, 2.78263091702350327E-013
        868, 2.54514273490742064E-013
        869, 3.24477244832488839E-013
        870, 3.42609195060961849E-013
        871, 3.28398706826487336E-013
        872, 3.12972766794060165E-013
        873, 2.69462614852443338E-013
        874, 3.05214429629750688E-013
        875, 3.49348604371066079E-013
        876, 3.08909437833098344E-013
        877, 3.52701887219865653E-013
        878, 3.07273348632778770E-013
        879, 2.82419620758054652E-013
        880, 3.23386084982055664E-013
        881, 3.04578697835674917E-013
        882, 2.95148510181405634E-013
        883, 2.95911040865910389E-013
        884, 3.83850304205217251E-013
        885, 3.12508500430381801E-013
        886, 3.68169304986759282E-013
        887, 3.16935595314647865E-013
        888, 3.85858321455482583E-013
        889, 3.15679962012084257E-013
        890, 3.33222479057446348E-013
        891, 3.36409208064788900E-013
        892, 3.86070693787002334E-013
        893, 3.46350875911007303E-013
        894, 3.54388399108989057E-013
        895, 3.74731325185081982E-013
        896, 3.56639819072539935E-013
        897, 3.52834733134209976E-013
        898, 3.37615206121204978E-013
        899, 3.40988843620065782E-013
        900, 3.93970921293400056E-013
        901, 3.38900788784731600E-013
        902, 3.44597792436721535E-013
        903, 3.84453945520879033E-013
        904, 2.94521769924651503E-013
        905, 3.08797134811854780E-013
        906, 3.85172396426975356E-013
        907, 3.46893677742918794E-013
        908, 3.10801667761637411E-013
        909, 3.39034107347717663E-013
        910, 3.35194570438482143E-013
        911, 3.79299570483666775E-013
        912, 3.84348054081236247E-013
        913, 3.48751030203059342E-013
        914, 3.71350851944708702E-013
        915, 4.55871955816942751E-013
        916, 4.37973495583733198E-013
        917, 3.80605085782538558E-013
        918, 3.05069360407771563E-013
        919, 3.58544243196560060E-013
        920, 3.22429823726391132E-013
        921, 3.52131771830576350E-013
        922, 3.28019006412487102E-013
        923, 3.22552853080306201E-013
        924, 3.99137972288632710E-013
        925, 3.81369906807975850E-013
        926, 3.88330167983281442E-013
        927, 3.16582001497619328E-013
        928, 3.96949637267692689E-013
        929, 3.17396670092120472E-013
        930, 3.91681952880634085E-013
        931, 4.05376589257399267E-013
        932, 3.95278549621294793E-013
        933, 3.47832897436386287E-013
        934, 3.69559138046177553E-013
        935, 4.15996903663551199E-013
        936, 3.69996834938008164E-013
        937, 4.10814997366257335E-013
        938, 4.41658021580868354E-013
        939, 4.20392736326166748E-013
        940, 3.71402934140020061E-013
        941, 3.69464833492203948E-013
        942, 4.18930875294360595E-013
        943, 3.72729819438811597E-013
        944, 4.88914088190083424E-013
        945, 4.28247563406904965E-013
        946, 4.19650756891276684E-013
        947, 4.17004265649223890E-013
        948, 4.06907221917021463E-013
        949, 4.37539141471401081E-013
        950, 4.43937007297227380E-013
        951, 3.89659710889180225E-013
        952, 4.46683540263470217E-013
        953, 3.78811081122169441E-013
        954, 4.19670994556819505E-013
        955, 3.99666878120064753E-013
        956, 4.13776452703244519E-013
        957, 4.43905448356666846E-013
        958, 4.37194673940352606E-013
        959, 5.25410186729379161E-013
        960, 4.53740184618696929E-013
        961, 4.22146450446243083E-013
        962, 4.36767367634155378E-013
        963, 3.95975352170846192E-013
        964, 4.19439165037064064E-013
        965, 4.31944736628686024E-013
        966, 3.96668213039936029E-013
        967, 4.85362449384860619E-013
        968, 5.01451385767096746E-013
        969, 4.87499838938401351E-013
        970, 4.17280941888243991E-013
        971, 4.38797284531117927E-013
        972, 4.29616802682145618E-013
        973, 4.80577987817323535E-013
        974, 4.80499819627124387E-013
        975, 3.96221388387379353E-013
        976, 4.53853297432791924E-013
        977, 4.46858913451201063E-013
        978, 4.37127328309032741E-013
        979, 4.28342157323686396E-013
        980, 4.37853494896140876E-013
        981, 4.17702452524555005E-013
        982, 4.70013882746713295E-013
        983, 4.14668317189428281E-013
        984, 5.12658163428363833E-013
        985, 3.87112425502126793E-013
        986, 4.50656909870080121E-013
        987, 4.56646663775118675E-013
        988, 4.57817599842532347E-013
        989, 4.90574558556263360E-013
        990, 5.20744041553863416E-013
        991, 5.20029606833496891E-013
        992, 4.56626069569811310E-013
        993, 5.40206067796224130E-013
        994, 6.15163484617950850E-013
        995, 5.25287838439148616E-013
        996, 5.34442319487977098E-013
        997, 5.27162374994924537E-013
        998, 5.02178165834873592E-013
        999, 6.37904984037406799E-013
       1000, 5.58269972471087117E-013
       1001, 4.64089330042461822E-013
       1002, 5.19979417126586901E-013
       1003, 5.48749073323179620E-013
       1004, 5.65520162320581971E-013
       1005, 5.01409592294027876E-013
       1006, 5.91306749048329285E-013
       1007, 6.50367185945845341E-013
       1008, 5.00791734107763431E-013
       1009, 5.61804438234882752E-013
       1010, 6.13005028848374482E-013
       1011, 5.10304654738414792E-013
       1012, 7.14437476922698424E-013
       1013, 6.12822889503962627E-013
       1014, 4.94485803805563401E-013
       1015, 5.75183192274743981E-013
       1016, 6.06870546914366134E-013
       1017, 6.76109702281779903E-013
       1018, 6.13011944522612987E-013
       1019, 6.11469036727220011E-013
       1020, 7.19217120002302164E-013
       1021, 5.64319870641749124E-013
       1022, 6.06264297664111665E-013
       1023, 6.90913909468584870E-013
       1024, 8.27900766300936084E-013
       -512, 8.97531227774653281E-013
          0, 5.19706693684537594E-014
