         0, 2147483647,  1011, 2.56571836139011501E+304
         1,     523776,  1011, 2.65821630616394133E-001
         2,     523776,  1011, 4.83553302270251728E-001
         3,     523776,  1011, 6.41314695443170657E-001
         4,     523776,  1011, 1.06562799944132355E-001
         5,     523776,  1011, 8.08936417381477257E-002
         6,     523776,  1011, 1.51347153828429448E-002
         7,     523776,  1011, 1.91830060241589078E-003
         8,     523749,  1011, 4.24840654591301429E-005
         9,     441929,  1011, 1.77000392922244168E-008
        10,      93888,  1011, 1.67134133853091756E-014
        11,      13718,  1011, 1.79792794392818966E-015
        12,        113,  1011, 1.79084655239570246E-015
        13,          3,  1011, 1.76501693426456154E-015
        14,          0,  1011, 0.00000000000000000E+000
"j", "||(G*V)j - (U*Σ)j||_F / Σj"
          1, 1.84510894486677667E-013
          2, 1.71005475102731282E-013
          3, 1.64769162808360109E-013
          4, 1.78412791807565217E-013
          5, 1.91593063691103929E-013
          6, 1.99580164813298720E-013
          7, 1.92716126105415409E-013
          8, 1.91869785419707754E-013
          9, 1.87248152040070034E-013
         10, 1.96514440935487853E-013
         11, 1.86043816176826898E-013
         12, 1.93982872186689081E-013
         13, 1.74051494140813713E-013
         14, 2.00148421928412783E-013
         15, 2.15540807258532131E-013
         16, 2.02358912428942551E-013
         17, 2.11915920077086879E-013
         18, 1.94894735124471071E-013
         19, 2.13839209867895691E-013
         20, 2.06487625130170358E-013
         21, 2.05746274375930272E-013
         22, 1.80730870404305916E-013
         23, 1.98011031799767763E-013
         24, 2.16808738472082613E-013
         25, 2.01574258600536378E-013
         26, 2.06115578568008337E-013
         27, 1.90226489376738418E-013
         28, 1.61114507050782306E-013
         29, 2.25418356976369942E-013
         30, 1.80774705235265636E-013
         31, 2.08665617694904803E-013
         32, 2.15664357813807013E-013
         33, 1.78897592792284339E-013
         34, 2.14186821944232960E-013
         35, 2.00008651676916766E-013
         36, 2.04931442211812154E-013
         37, 2.10111484485993587E-013
         38, 1.88184525167930058E-013
         39, 1.85631027630154497E-013
         40, 2.15992801480150467E-013
         41, 2.18449388660477923E-013
         42, 2.10486715072204135E-013
         43, 1.86209143113628616E-013
         44, 2.07227393664561746E-013
         45, 1.82044260041609992E-013
         46, 1.73572971809268662E-013
         47, 1.83870808401416866E-013
         48, 2.16528944905767694E-013
         49, 1.77921356264888331E-013
         50, 1.81235925262740627E-013
         51, 1.69553624159579819E-013
         52, 1.55117704211896732E-013
         53, 1.90903200486095160E-013
         54, 1.82088268664401114E-013
         55, 1.82225565580815319E-013
         56, 1.74430674297528382E-013
         57, 1.84582632019789466E-013
         58, 1.79339838369273199E-013
         59, 1.92453461586663490E-013
         60, 1.86580585744924875E-013
         61, 2.30565118432871055E-013
         62, 2.45742844324629201E-013
         63, 2.10948869291738555E-013
         64, 2.20243371901070837E-013
         65, 1.79887404614299055E-013
         66, 2.29072228450466264E-013
         67, 2.13419696976077861E-013
         68, 1.90255941270920741E-013
         69, 1.79919495614647375E-013
         70, 2.00627451843942163E-013
         71, 1.93511280435394949E-013
         72, 1.74614902878093608E-013
         73, 1.87077190243781506E-013
         74, 1.79819643688513386E-013
         75, 1.99977385995810682E-013
         76, 2.36103240780989862E-013
         77, 2.05069390283393219E-013
         78, 2.67705927575106141E-013
         79, 2.20333358950097834E-013
         80, 1.98282494402232786E-013
         81, 2.11026768429163190E-013
         82, 1.88806018683261463E-013
         83, 2.18002896571589138E-013
         84, 2.07688781016402004E-013
         85, 2.07829778122079076E-013
         86, 2.33253535711625381E-013
         87, 2.07204176956205007E-013
         88, 2.31304081505854241E-013
         89, 2.56067039399500415E-013
         90, 1.88819137428160448E-013
         91, 2.34587368566028911E-013
         92, 2.14216134018583364E-013
         93, 2.36554613171175251E-013
         94, 2.61781951346938153E-013
         95, 2.07831525043308015E-013
         96, 2.04713652103043704E-013
         97, 1.79380305256471937E-013
         98, 1.92068148688854308E-013
         99, 2.19914009955655760E-013
        100, 2.27678721143460040E-013
        101, 2.37787253713192229E-013
        102, 2.05055471642877588E-013
        103, 2.36751997441230189E-013
        104, 1.96178464917047775E-013
        105, 2.30451403075193917E-013
        106, 2.18178590927573853E-013
        107, 1.97865144348263748E-013
        108, 2.21557789050105951E-013
        109, 2.23647148450352128E-013
        110, 1.79982340257074511E-013
        111, 2.06369507651358211E-013
        112, 2.48798840649503961E-013
        113, 2.06760542239944512E-013
        114, 2.42023534875661247E-013
        115, 2.18086941158008205E-013
        116, 2.07850787958348046E-013
        117, 2.61251964910116069E-013
        118, 2.23335518770152757E-013
        119, 2.13085483732605470E-013
        120, 2.22592992697930946E-013
        121, 2.40943308698177915E-013
        122, 2.06003659053311734E-013
        123, 2.43880965147714433E-013
        124, 2.08749675672799986E-013
        125, 2.45040203906750555E-013
        126, 2.19327976149230644E-013
        127, 2.21695261257590140E-013
        128, 2.66092078467300018E-013
        129, 2.32986675287422240E-013
        130, 2.31316395100565823E-013
        131, 2.13409703496265686E-013
        132, 2.46522106829576938E-013
        133, 2.40154299803653808E-013
        134, 2.10481590915804535E-013
        135, 2.49849067158662837E-013
        136, 2.06875046970129599E-013
        137, 2.19339226328305837E-013
        138, 2.34837483540676320E-013
        139, 2.08022411259279326E-013
        140, 2.16278844260059844E-013
        141, 2.44615491477399568E-013
        142, 2.40395718064951592E-013
        143, 2.23388799010103822E-013
        144, 2.02436328356823293E-013
        145, 1.91881310272894291E-013
        146, 2.00873591477996467E-013
        147, 2.53976433923906116E-013
        148, 2.04649203085055073E-013
        149, 2.54499756331247409E-013
        150, 2.62816201926425152E-013
        151, 2.06724569315206281E-013
        152, 2.45827999941149694E-013
        153, 2.11616770068325073E-013
        154, 1.98092272158456697E-013
        155, 2.10267148323215983E-013
        156, 2.20383850303781163E-013
        157, 2.10400593027286464E-013
        158, 2.31996651864455716E-013
        159, 2.51106950057991585E-013
        160, 2.15531577586137793E-013
        161, 2.23051647338742988E-013
        162, 2.03794455267097518E-013
        163, 2.07352374058329167E-013
        164, 2.47457015251543586E-013
        165, 2.35101749162941111E-013
        166, 2.21746966514146512E-013
        167, 2.13676420857260414E-013
        168, 2.15647837475268020E-013
        169, 2.21946302200029706E-013
        170, 2.06924661515645434E-013
        171, 2.51240676732219735E-013
        172, 2.17446030240471731E-013
        173, 2.59194179211822548E-013
        174, 2.29281573445645647E-013
        175, 2.32446414711856960E-013
        176, 2.12330193398088495E-013
        177, 2.28780211951456956E-013
        178, 2.42637021105639849E-013
        179, 2.38747569789179398E-013
        180, 2.22142649826735591E-013
        181, 2.32567583162488837E-013
        182, 2.47368787572270808E-013
        183, 2.28001805455932684E-013
        184, 2.20367407727525688E-013
        185, 2.66335471122921132E-013
        186, 2.69440989240669450E-013
        187, 1.89183013618425034E-013
        188, 2.01484147194889495E-013
        189, 2.44740607808178327E-013
        190, 3.03545973050549667E-013
        191, 2.51239601803033025E-013
        192, 2.29865561409255352E-013
        193, 2.58228639053117905E-013
        194, 2.40770291461156723E-013
        195, 2.57723225794498174E-013
        196, 2.20580777817731559E-013
        197, 2.57200585610280839E-013
        198, 2.25020595357072282E-013
        199, 2.31877707456698697E-013
        200, 2.06019773386669146E-013
        201, 2.27383849324378210E-013
        202, 2.84210387293599282E-013
        203, 2.06240654948098836E-013
        204, 2.51331719381550916E-013
        205, 2.96785152804448448E-013
        206, 2.28462618172943391E-013
        207, 2.54545663493740862E-013
        208, 2.34496211592522329E-013
        209, 2.56192118531157922E-013
        210, 2.56008982547754751E-013
        211, 2.54643057565573422E-013
        212, 3.16368146118399527E-013
        213, 2.60349721457007660E-013
        214, 2.37862396564407845E-013
        215, 2.60687210942389098E-013
        216, 2.37631185861000481E-013
        217, 2.52292151874526177E-013
        218, 2.60863022270711854E-013
        219, 2.30320821619810936E-013
        220, 2.38210487677941252E-013
        221, 2.12528991755014370E-013
        222, 2.42844133313754958E-013
        223, 2.33037303711704449E-013
        224, 2.44447904643051851E-013
        225, 2.25910789116933013E-013
        226, 2.22373235446287311E-013
        227, 3.02476607197730372E-013
        228, 2.44884947043270711E-013
        229, 2.17139860804067616E-013
        230, 2.63504140349646251E-013
        231, 2.58050431289957400E-013
        232, 2.28445318683570667E-013
        233, 2.39320995620421369E-013
        234, 2.85318197581095294E-013
        235, 2.32299386131839207E-013
        236, 2.40784221844861751E-013
        237, 2.32121060965819557E-013
        238, 2.39098300960220971E-013
        239, 2.66565394147240878E-013
        240, 2.32543876303166814E-013
        241, 2.10981217334975612E-013
        242, 2.48507583504719347E-013
        243, 2.35712703987067104E-013
        244, 2.44444083431080597E-013
        245, 2.62473482819690809E-013
        246, 2.43416232883328585E-013
        247, 2.64167257101727900E-013
        248, 2.44694768960596142E-013
        249, 2.43725096988846598E-013
        250, 2.77256571798340453E-013
        251, 2.85901784270791493E-013
        252, 2.41817916824808598E-013
        253, 2.44611194437397880E-013
        254, 2.51268943768886107E-013
        255, 2.32294142363892258E-013
        256, 2.72099974923638878E-013
        257, 2.70231738098745068E-013
        258, 2.60553173596693191E-013
        259, 2.30919551700075053E-013
        260, 2.35598227751834726E-013
        261, 2.76610755778282587E-013
        262, 3.03618324891841657E-013
        263, 2.27107301220558848E-013
        264, 2.68133054258442806E-013
        265, 2.78019947694049393E-013
        266, 2.67745375892843275E-013
        267, 2.62437591233791313E-013
        268, 2.77901983876688549E-013
        269, 3.26449117779761806E-013
        270, 2.48618535847481522E-013
        271, 2.52833753067839709E-013
        272, 2.97226122381511426E-013
        273, 2.54848999356341652E-013
        274, 2.72788581251365455E-013
        275, 2.49987676964610045E-013
        276, 3.01102945936452103E-013
        277, 2.98070437204183331E-013
        278, 2.47179315131172136E-013
        279, 3.00338309130806725E-013
        280, 2.54315726309797916E-013
        281, 2.55596397322677460E-013
        282, 2.79424105348356858E-013
        283, 2.76286124063859609E-013
        284, 2.43980069956064852E-013
        285, 2.71616455747426872E-013
        286, 2.62872656966028206E-013
        287, 2.38753738157354288E-013
        288, 3.03280126533008788E-013
        289, 2.52714940802196956E-013
        290, 3.05768066654813622E-013
        291, 2.88140665502919373E-013
        292, 3.23729848248103194E-013
        293, 2.69648151788668123E-013
        294, 2.36221009580022353E-013
        295, 2.59465529828166545E-013
        296, 2.58967813190027469E-013
        297, 2.58590799339134611E-013
        298, 2.72645251780396700E-013
        299, 2.61783520995415935E-013
        300, 2.47401056170779725E-013
        301, 2.71318419984169827E-013
        302, 3.09580191057511597E-013
        303, 3.08961607000300674E-013
        304, 2.48780166802025223E-013
        305, 2.61129268306819005E-013
        306, 2.58483142513420947E-013
        307, 2.73443152097262568E-013
        308, 2.68041124432021441E-013
        309, 2.81856742719904179E-013
        310, 3.04854781012599711E-013
        311, 2.61055422884905520E-013
        312, 2.70187695432446253E-013
        313, 3.28342951151291958E-013
        314, 2.74708017693001123E-013
        315, 2.75042815067767051E-013
        316, 3.06850410513344597E-013
        317, 2.39329147578379042E-013
        318, 3.16110182939297748E-013
        319, 2.79279159502774027E-013
        320, 2.47477619888014488E-013
        321, 2.65617786332452608E-013
        322, 2.47424069458943511E-013
        323, 2.55287148319937749E-013
        324, 2.66459319678129482E-013
        325, 2.88126477119113076E-013
        326, 2.97500276095381003E-013
        327, 2.93598183226006894E-013
        328, 2.87755871563597112E-013
        329, 2.65104890460592398E-013
        330, 2.76142629216310707E-013
        331, 2.68999619452727338E-013
        332, 2.77622036781213720E-013
        333, 2.66452040414217535E-013
        334, 3.07115922682099194E-013
        335, 3.02374816720108680E-013
        336, 2.73537951044847598E-013
        337, 2.52346848107977051E-013
        338, 2.89396244166275222E-013
        339, 2.86938913314210543E-013
        340, 2.84131510112262016E-013
        341, 2.48763866234378921E-013
        342, 2.73175722928320359E-013
        343, 3.05198446187697845E-013
        344, 2.93946606548431744E-013
        345, 2.23520511457935680E-013
        346, 2.48610682111406147E-013
        347, 3.15204290767407254E-013
        348, 2.79380089331595947E-013
        349, 2.87418115116793009E-013
        350, 2.60884249616397035E-013
        351, 2.70988060469582629E-013
        352, 2.71206532376570850E-013
        353, 2.55474855788260297E-013
        354, 2.73030915583999198E-013
        355, 2.75074983226963185E-013
        356, 2.89533930992904528E-013
        357, 2.83272843474297016E-013
        358, 2.48410723568822710E-013
        359, 3.15835092910801833E-013
        360, 3.05618744949492361E-013
        361, 2.89248955908894987E-013
        362, 2.94542194151925544E-013
        363, 2.89596138067654200E-013
        364, 3.08645799226534935E-013
        365, 3.27675755046044775E-013
        366, 2.52169165982347071E-013
        367, 2.60857177364757553E-013
        368, 2.98613070678083874E-013
        369, 2.97944743767101699E-013
        370, 2.89746697066790301E-013
        371, 3.08031828729274518E-013
        372, 3.13394187660637207E-013
        373, 2.84640870090911304E-013
        374, 2.67072433884706043E-013
        375, 3.19613792939135714E-013
        376, 3.01321425540976713E-013
        377, 2.90095806950973923E-013
        378, 2.99074420814221023E-013
        379, 3.04948291909964902E-013
        380, 2.75332451207807993E-013
        381, 2.52893788259766868E-013
        382, 2.87341110424582791E-013
        383, 2.93549325034240259E-013
        384, 2.89564050585262389E-013
        385, 2.76067902257703001E-013
        386, 2.84395044335260824E-013
        387, 3.06525881892796685E-013
        388, 3.27669619140175338E-013
        389, 2.67132467536916817E-013
        390, 2.79002551687371084E-013
        391, 3.17510173009729258E-013
        392, 2.84926859050643704E-013
        393, 2.70628143555724352E-013
        394, 3.23537709368479180E-013
        395, 2.98798849354257084E-013
        396, 3.51330579742403770E-013
        397, 3.38168814717499145E-013
        398, 3.22222790953582513E-013
        399, 2.89591812746288955E-013
        400, 2.82201270595478897E-013
        401, 3.16877762252797982E-013
        402, 2.99109534020326934E-013
        403, 3.30573411448797910E-013
        404, 2.90259093208312919E-013
        405, 2.93032154598132178E-013
        406, 3.17778485913496383E-013
        407, 3.16879290278380227E-013
        408, 3.06186388727780554E-013
        409, 3.63683095420972934E-013
        410, 3.38906437888869026E-013
        411, 3.42156160786837446E-013
        412, 3.31266428513110194E-013
        413, 3.96610458908693314E-013
        414, 3.37105195770472623E-013
        415, 3.01177595974762851E-013
        416, 3.60072380002491437E-013
        417, 3.72545915182221717E-013
        418, 3.32394105680808668E-013
        419, 3.20154720043466476E-013
        420, 2.99061237374870552E-013
        421, 3.24339287653593972E-013
        422, 3.42300185955738234E-013
        423, 3.01341912268423759E-013
        424, 2.96064127247108947E-013
        425, 3.11996015988624746E-013
        426, 3.41703153335302240E-013
        427, 3.39092722432454532E-013
        428, 3.35236301912647895E-013
        429, 3.69453956178050855E-013
        430, 3.10275398360678010E-013
        431, 3.16717978327345707E-013
        432, 3.36351169967874206E-013
        433, 2.87104765620492697E-013
        434, 4.20480147824437317E-013
        435, 3.64788799880209987E-013
        436, 3.65324817338273716E-013
        437, 3.36512097268568432E-013
        438, 3.14873485545767470E-013
        439, 3.52918247091968377E-013
        440, 3.81603484546910590E-013
        441, 3.43170681083772169E-013
        442, 3.92866742027653969E-013
        443, 3.05273503004964475E-013
        444, 3.71035594748453027E-013
        445, 3.25805032163878381E-013
        446, 3.25754018148213480E-013
        447, 3.74717503806370204E-013
        448, 3.73582202324045283E-013
        449, 3.95491433457640175E-013
        450, 3.68146221951888156E-013
        451, 3.89035766927785287E-013
        452, 3.79314721993447453E-013
        453, 3.61350277971383542E-013
        454, 3.80221945571945908E-013
        455, 3.82847112086819123E-013
        456, 3.33925516062302438E-013
        457, 4.21663314487206442E-013
        458, 4.03074796083130428E-013
        459, 4.24745677259942060E-013
        460, 3.89354730478786160E-013
        461, 4.07346811416267436E-013
        462, 3.66644330585383013E-013
        463, 3.52843955886256010E-013
        464, 3.63905574227161611E-013
        465, 4.03861146364085981E-013
        466, 3.86123545107712720E-013
        467, 3.56420370570737438E-013
        468, 4.03469083523419097E-013
        469, 4.17790467500103183E-013
        470, 3.98199782396826228E-013
        471, 4.28492863215565464E-013
        472, 4.35801910447835395E-013
        473, 4.63073303457085201E-013
        474, 4.08599277044790203E-013
        475, 4.05613720008539450E-013
        476, 3.96025790138268251E-013
        477, 4.37320146241463492E-013
        478, 4.40022310652089063E-013
        479, 4.84619239350904239E-013
        480, 4.29533779596598181E-013
        481, 5.01946744985330364E-013
        482, 4.29542791871707647E-013
        483, 3.92846426882385641E-013
        484, 4.91157277530354018E-013
        485, 5.06581835138223150E-013
        486, 4.59138356120567500E-013
        487, 4.69526310924894140E-013
        488, 4.87420299592374369E-013
        489, 4.76269980833930513E-013
        490, 4.02454538638713281E-013
        491, 4.48744637882834844E-013
        492, 5.18682692234155083E-013
        493, 4.86723101650912696E-013
        494, 4.73442428330069442E-013
        495, 6.01348159873376122E-013
        496, 5.45958967117753172E-013
        497, 5.40663095755245959E-013
        498, 5.45865826403335425E-013
        499, 6.11158905698354509E-013
        500, 5.79788014324594692E-013
        501, 6.45381552754215897E-013
        502, 5.91476325600568283E-013
        503, 5.61699852619265424E-013
        504, 7.13896823185776733E-013
        505, 5.07916349688756971E-013
        506, 7.25025591815005203E-013
        507, 8.43931052404110301E-013
        508, 8.05406482200838648E-013
        509, 8.79142121641257198E-013
        510, 7.59256254984338536E-013
        511, 8.94076110162426606E-013
        512, 1.03936223398452219E-012
        513, 1.76521207002545009E-013
        514, 2.04434173058491871E-013
        515, 1.77960366497988354E-013
        516, 1.79839816940741648E-013
        517, 1.89217555068713463E-013
        518, 2.09862616837114136E-013
        519, 2.14665426666244341E-013
        520, 1.98427861855815298E-013
        521, 2.24998985135214218E-013
        522, 2.02649634340383966E-013
        523, 1.72464675840109628E-013
        524, 1.99808894164883055E-013
        525, 1.84376128598277067E-013
        526, 1.98226496793353630E-013
        527, 1.97719606250185605E-013
        528, 1.95573073469372733E-013
        529, 1.75715492751138674E-013
        530, 2.04365698918367300E-013
        531, 2.14102791888509007E-013
        532, 2.06341460262845876E-013
        533, 2.14678882508596510E-013
        534, 2.20826924140977928E-013
        535, 2.14621777032257570E-013
        536, 1.93649634465477452E-013
        537, 1.77408036983726814E-013
        538, 2.10346441571225148E-013
        539, 1.90019291969737461E-013
        540, 2.08385418721112004E-013
        541, 1.86141433470581294E-013
        542, 1.74838431647940107E-013
        543, 1.95313004456713626E-013
        544, 1.69016405895654679E-013
        545, 1.87401920428091005E-013
        546, 1.82226979779322269E-013
        547, 1.86524840040796815E-013
        548, 2.28870568433100956E-013
        549, 1.83249622426928828E-013
        550, 2.18090109849041508E-013
        551, 2.02043544916238322E-013
        552, 1.99875260189061154E-013
        553, 1.84225837500715916E-013
        554, 1.97116297824400012E-013
        555, 1.89079329823842887E-013
        556, 2.17740945889002634E-013
        557, 2.21504525944627640E-013
        558, 2.21177385046530154E-013
        559, 1.95189551327284340E-013
        560, 2.06249686859220960E-013
        561, 1.87908940117398349E-013
        562, 1.78267230577213678E-013
        563, 2.21045738839040789E-013
        564, 2.42422247175211305E-013
        565, 2.12931623297440319E-013
        566, 2.22657123942413402E-013
        567, 2.21841825590428294E-013
        568, 2.03105621851957438E-013
        569, 2.12601553148572614E-013
        570, 1.95913482057842701E-013
        571, 2.09394668912198484E-013
        572, 2.25676469264641606E-013
        573, 2.23653355776033390E-013
        574, 1.87576959391737969E-013
        575, 1.92594554454397226E-013
        576, 1.74011642075617129E-013
        577, 2.02030314638655029E-013
        578, 2.05635192122621804E-013
        579, 1.82084338298600040E-013
        580, 2.06150175649744500E-013
        581, 2.13727395310675800E-013
        582, 2.09171745817634349E-013
        583, 2.08542975976649043E-013
        584, 2.06997221070914446E-013
        585, 2.24403500678789776E-013
        586, 1.99296799634354604E-013
        587, 2.29158423076846783E-013
        588, 2.27347616523492197E-013
        589, 2.07766679649811643E-013
        590, 2.00313755895827055E-013
        591, 2.05375881663448664E-013
        592, 2.13821424367309125E-013
        593, 2.32467046160740072E-013
        594, 2.05655895086265605E-013
        595, 2.12317476336669626E-013
        596, 2.10261987666291617E-013
        597, 2.06828822625493073E-013
        598, 2.34097976782458478E-013
        599, 1.92647079636008358E-013
        600, 2.45317503540355569E-013
        601, 2.00509329876443534E-013
        602, 2.18413499853584615E-013
        603, 2.20521783466164457E-013
        604, 2.03849269628777308E-013
        605, 2.11326321967978596E-013
        606, 2.17235442297794403E-013
        607, 2.13374650136309547E-013
        608, 2.24465895412060108E-013
        609, 2.06631448034246651E-013
        610, 2.44161038451580706E-013
        611, 2.13708104993642576E-013
        612, 2.48448420850353053E-013
        613, 2.10223654907429146E-013
        614, 2.54384768818858695E-013
        615, 2.01865357378506568E-013
        616, 2.41343469424084135E-013
        617, 2.52669116699441899E-013
        618, 2.04520523607418438E-013
        619, 2.47957207991656284E-013
        620, 2.38771249531577339E-013
        621, 1.96627045868264904E-013
        622, 2.30179756014137097E-013
        623, 2.19864054328485694E-013
        624, 2.48725402973129623E-013
        625, 2.00859389266009468E-013
        626, 2.20765955781925826E-013
        627, 2.47892824356300186E-013
        628, 2.16279595793392341E-013
        629, 2.31693261362898339E-013
        630, 2.39846825667943970E-013
        631, 2.41465912876775512E-013
        632, 2.55607488373764979E-013
        633, 2.37154639131434636E-013
        634, 2.16561356722424147E-013
        635, 2.09582776436750941E-013
        636, 2.37891331271768845E-013
        637, 2.25922616736496868E-013
        638, 2.21350284586423354E-013
        639, 2.29571416195232596E-013
        640, 1.95294656530162707E-013
        641, 2.35162451231664541E-013
        642, 2.40625832435674775E-013
        643, 2.25577430511880865E-013
        644, 2.05494854267046873E-013
        645, 2.38506939269032530E-013
        646, 2.39022867836398113E-013
        647, 1.91700265316714832E-013
        648, 1.99910246304637278E-013
        649, 2.06399594170751045E-013
        650, 2.17600938238182903E-013
        651, 2.16967995773845736E-013
        652, 2.42726709158271243E-013
        653, 2.44915948809536006E-013
        654, 2.09518024182977034E-013
        655, 2.13049995733901098E-013
        656, 2.38950507845880703E-013
        657, 2.29817537089697683E-013
        658, 2.17154528794247784E-013
        659, 2.25383137548195351E-013
        660, 2.31314470548015301E-013
        661, 2.33613339350945776E-013
        662, 2.29049615833668223E-013
        663, 2.49504595036162176E-013
        664, 2.02287806602585342E-013
        665, 2.25599244271951204E-013
        666, 2.45641480526719763E-013
        667, 2.31895726327581169E-013
        668, 2.74024010666692074E-013
        669, 2.66952797839631017E-013
        670, 2.19302805445480737E-013
        671, 2.34534637679868074E-013
        672, 2.23311028631669049E-013
        673, 2.49361611874716466E-013
        674, 2.10898155065533844E-013
        675, 2.38789466449408245E-013
        676, 2.52024555212015433E-013
        677, 2.16468851278427431E-013
        678, 2.46661485894329523E-013
        679, 2.41619404076764588E-013
        680, 2.60390174604913684E-013
        681, 2.62477304849791349E-013
        682, 2.25201605717234705E-013
        683, 2.42951407133671731E-013
        684, 2.29485519702362668E-013
        685, 2.26345559548308476E-013
        686, 2.13152896481147308E-013
        687, 2.28722297341155021E-013
        688, 2.26883861267294846E-013
        689, 2.69993512287427761E-013
        690, 2.39467105075102207E-013
        691, 2.13662667236687328E-013
        692, 2.50107320813999652E-013
        693, 2.33088897475055556E-013
        694, 2.14254573572944298E-013
        695, 2.39045828100383138E-013
        696, 2.30347390161863252E-013
        697, 2.33988190788054657E-013
        698, 2.63251684513336544E-013
        699, 2.34678987222408442E-013
        700, 2.48849011514352636E-013
        701, 2.46587091768125235E-013
        702, 2.49570074253536452E-013
        703, 2.35682579006923405E-013
        704, 2.32757073641959102E-013
        705, 2.30857462551255398E-013
        706, 2.56078887260520781E-013
        707, 2.42583032790732736E-013
        708, 2.60504881110185112E-013
        709, 2.60764141154191482E-013
        710, 2.66567394834550009E-013
        711, 2.44302740405529501E-013
        712, 2.45245328347224534E-013
        713, 2.38630938136321257E-013
        714, 2.34001764472139207E-013
        715, 2.34919195378296212E-013
        716, 2.70584162017948759E-013
        717, 2.74280038115518392E-013
        718, 2.03161938685667253E-013
        719, 2.25571379721191081E-013
        720, 2.51717152647095880E-013
        721, 2.75297876637933010E-013
        722, 2.43008071843915234E-013
        723, 2.56606976864642083E-013
        724, 2.61192611695136517E-013
        725, 2.48072889383894074E-013
        726, 2.42597556082421255E-013
        727, 2.61375874159884477E-013
        728, 2.38741673580274491E-013
        729, 2.20585073761319355E-013
        730, 2.66236266340539502E-013
        731, 2.81127407662054863E-013
        732, 2.80581890080269339E-013
        733, 2.34732175466113139E-013
        734, 2.46671209639893473E-013
        735, 2.09919590438519915E-013
        736, 2.29256251991859226E-013
        737, 2.50079731623277749E-013
        738, 2.26228940516289394E-013
        739, 2.32553383255492414E-013
        740, 2.62688915044008103E-013
        741, 2.45385143109192107E-013
        742, 2.38579053611446811E-013
        743, 2.64091335528455554E-013
        744, 2.52758083945601860E-013
        745, 2.44843907379353394E-013
        746, 2.40485495950593600E-013
        747, 2.53832983536394961E-013
        748, 2.37275130099634754E-013
        749, 2.63967968808597470E-013
        750, 2.68099389841242472E-013
        751, 2.36632301299469327E-013
        752, 2.43585420385568217E-013
        753, 2.63534998179341491E-013
        754, 2.38846886627361872E-013
        755, 2.68615982372436202E-013
        756, 2.42264734579861322E-013
        757, 2.38192162020185772E-013
        758, 2.66888343754757288E-013
        759, 2.46810944390210556E-013
        760, 2.23949548363787738E-013
        761, 2.19802940241002442E-013
        762, 2.39344972296046756E-013
        763, 2.79197478025412553E-013
        764, 2.62072953036098735E-013
        765, 2.46803905157113820E-013
        766, 2.97144785369678648E-013
        767, 2.24027255649311665E-013
        768, 2.48584360126226943E-013
        769, 2.40736447853903541E-013
        770, 2.94312361309923616E-013
        771, 2.35709108120721110E-013
        772, 2.40359268562762518E-013
        773, 3.43088171133102001E-013
        774, 2.36916092508653812E-013
        775, 2.18439478175346848E-013
        776, 2.29616729480769385E-013
        777, 2.62032495296622335E-013
        778, 3.03402317923845210E-013
        779, 2.83645732414249308E-013
        780, 2.62399431415661898E-013
        781, 2.79659786182423635E-013
        782, 2.57082590609083722E-013
        783, 2.45333369692534040E-013
        784, 2.76286400668065595E-013
        785, 3.15239929347694404E-013
        786, 2.74720830740930857E-013
        787, 3.04719212517335137E-013
        788, 2.69795918508869569E-013
        789, 3.19367809577468741E-013
        790, 2.65084279614381620E-013
        791, 2.79407573440286414E-013
        792, 2.63418015412122129E-013
        793, 2.46403666608202594E-013
        794, 2.89907801707790929E-013
        795, 3.16293118267566740E-013
        796, 2.55950674688130615E-013
        797, 2.72138392800886302E-013
        798, 2.73221559478266828E-013
        799, 2.71208240984219495E-013
        800, 2.79684943965091700E-013
        801, 2.69721814321476167E-013
        802, 2.69131098164389047E-013
        803, 2.45916873710439400E-013
        804, 2.40561845868563626E-013
        805, 2.38939747021558790E-013
        806, 2.52079195511705844E-013
        807, 2.86437764763037121E-013
        808, 2.57225195568656398E-013
        809, 2.39425546120952044E-013
        810, 2.53153266188637157E-013
        811, 2.43118530615031634E-013
        812, 2.58831583631931574E-013
        813, 2.86972534424908301E-013
        814, 2.65960992104254628E-013
        815, 2.71776186866427966E-013
        816, 2.72225856204932009E-013
        817, 2.70978630065106575E-013
        818, 2.85514146165173903E-013
        819, 2.60656673612630322E-013
        820, 2.64526792648775624E-013
        821, 3.06752288416436186E-013
        822, 2.83708131254222581E-013
        823, 2.56912560872878511E-013
        824, 2.83013256898266691E-013
        825, 2.90376627498826844E-013
        826, 2.51800569386339052E-013
        827, 2.50033986533180380E-013
        828, 3.03265208736030180E-013
        829, 2.79725447881001428E-013
        830, 2.78056465707978734E-013
        831, 3.00689571265159134E-013
        832, 2.61046674582483244E-013
        833, 2.75642703884244992E-013
        834, 2.43504224483806671E-013
        835, 2.71527608449495349E-013
        836, 2.38793832781653874E-013
        837, 2.53529179858118989E-013
        838, 3.17233512253618732E-013
        839, 2.66940617262907655E-013
        840, 2.73598126428437716E-013
        841, 2.75692615269419930E-013
        842, 2.90592623669757944E-013
        843, 2.41822326168614862E-013
        844, 2.54475163813761304E-013
        845, 2.50988223125452887E-013
        846, 3.11555911847508533E-013
        847, 2.77751375671510299E-013
        848, 2.69393590610362961E-013
        849, 2.76966344858239399E-013
        850, 2.45530340986302798E-013
        851, 2.71322191222147562E-013
        852, 2.67233140171725380E-013
        853, 2.77502576224451218E-013
        854, 2.64722482805634993E-013
        855, 2.99230700126265686E-013
        856, 2.76085659443468842E-013
        857, 2.96041073688424191E-013
        858, 2.84127098083883735E-013
        859, 2.52431073563356691E-013
        860, 2.76668609761849640E-013
        861, 2.76791199954475290E-013
        862, 2.15155853840155466E-013
        863, 2.72666494209593275E-013
        864, 2.43055799991551565E-013
        865, 2.88105414771573115E-013
        866, 3.11813130787990599E-013
        867, 2.57161853200202599E-013
        868, 2.89621934045932252E-013
        869, 2.73843858472885204E-013
        870, 2.78686704605496546E-013
        871, 2.94063706276271446E-013
        872, 2.80769894089793177E-013
        873, 2.62184315979108192E-013
        874, 3.14337657408882675E-013
        875, 2.88560009769020436E-013
        876, 2.92875505297988211E-013
        877, 3.02452112307900274E-013
        878, 3.08149364410935284E-013
        879, 2.68599356533942133E-013
        880, 2.69655906094806239E-013
        881, 2.93046008614950736E-013
        882, 2.46308466009587650E-013
        883, 2.81384444401460671E-013
        884, 3.24346426646122470E-013
        885, 2.64322962074527123E-013
        886, 2.96184976506671116E-013
        887, 3.13053531325648689E-013
        888, 2.95555478781329668E-013
        889, 2.93126482510473784E-013
        890, 2.67506772293162713E-013
        891, 2.84030568818833026E-013
        892, 2.60993337733738693E-013
        893, 3.34188568764592129E-013
        894, 2.80828942678976673E-013
        895, 3.00083549146837767E-013
        896, 3.21064348510002939E-013
        897, 2.75056910241715720E-013
        898, 2.68780269648538769E-013
        899, 3.16052417190778060E-013
        900, 3.04961325436353629E-013
        901, 2.96605149729366499E-013
        902, 2.80548884820280314E-013
        903, 2.91744300288448124E-013
        904, 2.87317743695599740E-013
        905, 3.15263257370303375E-013
        906, 3.07281518270384785E-013
        907, 3.49295735682680710E-013
        908, 2.92143662419463687E-013
        909, 3.36103308048534345E-013
        910, 3.28120258854831599E-013
        911, 3.29107995984009606E-013
        912, 3.44932421406870966E-013
        913, 3.13905717769470204E-013
        914, 3.07124399600774004E-013
        915, 3.37076115405831260E-013
        916, 3.50319321156811316E-013
        917, 3.12496385334108816E-013
        918, 3.35135773048937064E-013
        919, 3.07780421800444863E-013
        920, 2.92056399503034807E-013
        921, 3.14079857438909086E-013
        922, 3.22840585784902899E-013
        923, 3.47451585411500782E-013
        924, 3.65386322710870824E-013
        925, 2.89966064914101247E-013
        926, 3.36216880668781848E-013
        927, 3.00517863942419411E-013
        928, 3.03484255067433858E-013
        929, 3.14062641813887384E-013
        930, 3.29077050608606931E-013
        931, 3.06698114415249736E-013
        932, 3.41980743760991746E-013
        933, 2.97832586440179973E-013
        934, 3.04890619778215824E-013
        935, 3.21947993664648945E-013
        936, 3.28797023686740334E-013
        937, 3.22676650032426378E-013
        938, 3.49757138160733364E-013
        939, 3.38231596357340716E-013
        940, 3.38376540769414345E-013
        941, 3.66319202959148614E-013
        942, 3.15455042114963032E-013
        943, 4.01329924771446094E-013
        944, 3.14978346234893868E-013
        945, 3.69657012533812274E-013
        946, 3.02551588568867365E-013
        947, 3.55858822584810971E-013
        948, 3.47589124366818874E-013
        949, 3.18595971926437793E-013
        950, 3.88168924694533657E-013
        951, 3.48444785302866237E-013
        952, 3.66324730861709084E-013
        953, 3.03507941017659425E-013
        954, 3.16286871575665601E-013
        955, 4.06168183152587136E-013
        956, 3.73237331607632383E-013
        957, 3.60882402823682142E-013
        958, 3.26541100116673733E-013
        959, 3.66791885738096636E-013
        960, 3.43699377058861160E-013
        961, 3.78890617029358321E-013
        962, 4.07067130288182627E-013
        963, 3.81862150297395088E-013
        964, 4.03703426528142566E-013
        965, 3.58435165496309823E-013
        966, 3.61134987815921953E-013
        967, 3.78485060097308824E-013
        968, 3.67197918650126121E-013
        969, 3.75927497148372301E-013
        970, 4.21347285291744032E-013
        971, 3.82609018899169645E-013
        972, 3.44635947036399746E-013
        973, 3.25599210304313986E-013
        974, 4.17884250236317950E-013
        975, 3.83884187173234042E-013
        976, 4.18041442487586605E-013
        977, 3.70755168287938258E-013
        978, 3.46103980494856131E-013
        979, 4.33358079985248958E-013
        980, 4.26056662543147784E-013
        981, 3.75577827096326500E-013
        982, 4.16067370234130604E-013
        983, 4.18458104330190623E-013
        984, 3.86159582106919384E-013
        985, 4.09553413106844474E-013
        986, 3.92519906915560481E-013
        987, 4.41755148122661704E-013
        988, 4.02106186862223614E-013
        989, 4.54593503841923897E-013
        990, 5.41166170731595890E-013
        991, 4.27203393609054237E-013
        992, 4.41964064877852637E-013
        993, 4.69797807664303681E-013
        994, 5.71626058035765514E-013
        995, 4.80582773306434175E-013
        996, 4.87635143039565201E-013
        997, 4.34364109248570541E-013
        998, 5.51864137510124782E-013
        999, 5.24324546987723382E-013
       1000, 4.70828505025282736E-013
       1001, 5.22784026855867270E-013
       1002, 5.32751003442348165E-013
       1003, 4.79486997726868594E-013
       1004, 5.52765743713405783E-013
       1005, 5.31307895570769508E-013
       1006, 6.69187725743129993E-013
       1007, 4.93444074310521731E-013
       1008, 5.33536592697482160E-013
       1009, 5.63429327539810681E-013
       1010, 6.15745298483581835E-013
       1011, 6.22472354037523516E-013
       1012, 6.31195210984752580E-013
       1013, 6.27222294984390297E-013
       1014, 6.22970247960996421E-013
       1015, 5.69578235449839794E-013
       1016, 6.89640502215493879E-013
       1017, 7.14806530135460536E-013
       1018, 7.71610642664137179E-013
       1019, 6.96701422018448045E-013
       1020, 7.38866314620884076E-013
       1021, 7.35745281485083652E-013
       1022, 7.56257262357266194E-013
       1023, 6.24940921656942577E-013
       1024, 9.62289739294155134E-013
       -512, 1.03936223398452219E-012
          0, 6.18091814765838974E-014
