         0, 2147483647,  1011, 2.56571836139011501E+304
         1,     523776,  1011, 2.65821629099178169E-001
         2,     523776,  1011, 4.93855682736102419E-001
         3,     523776,  1011, 6.34539423542201719E-001
         4,     523776,  1011, 1.03319319235128368E-001
         5,     523776,  1011, 7.13339445987986875E-002
         6,     523776,  1011, 2.02081459732139125E-002
         7,     523776,  1011, 1.07199485738388193E-003
         8,     523743,  1011, 1.38350143675535528E-005
         9,     425983,  1011, 1.03863741496179770E-008
        10,      91865,  1011, 2.60984777641340616E-013
        11,      13160,  1011, 1.79548840149417454E-015
        12,         70,  1011, 1.81046103137279907E-015
        13,          5,  1011, 1.78078293156845544E-015
        14,          0,  1011, 0.00000000000000000E+000
"j", "||(G*V)j - (U*Σ)j||_F / Σj"
          1, 1.68599029234602866E-013
          2, 1.82547162126234843E-013
          3, 2.07098844664806939E-013
          4, 1.92161051880434787E-013
          5, 1.77212083290133846E-013
          6, 1.99648551534986359E-013
          7, 1.98220985954355270E-013
          8, 1.72005683282930800E-013
          9, 1.76700606129347085E-013
         10, 1.68414544173353965E-013
         11, 2.06596328239154407E-013
         12, 1.82429655614498289E-013
         13, 1.84440253885054017E-013
         14, 2.14879205008112696E-013
         15, 2.21062078093301178E-013
         16, 1.95163198324985036E-013
         17, 2.02817143734623049E-013
         18, 1.96402187395455788E-013
         19, 2.01543669260331906E-013
         20, 1.83260173628103403E-013
         21, 2.08450981072926169E-013
         22, 1.98926971017242644E-013
         23, 1.87824320084964112E-013
         24, 2.05735938077327530E-013
         25, 2.16937573607514187E-013
         26, 1.97745440871685725E-013
         27, 1.91957792479027281E-013
         28, 2.05891186485172903E-013
         29, 2.19953965973077242E-013
         30, 2.10873433232612963E-013
         31, 2.21127272282461933E-013
         32, 2.00871248823713218E-013
         33, 1.96908051678981184E-013
         34, 1.85792214884400394E-013
         35, 2.09527010269218928E-013
         36, 2.03000780755206538E-013
         37, 1.90756881207721275E-013
         38, 2.00170904235677997E-013
         39, 2.17830622048910177E-013
         40, 1.92719010944558445E-013
         41, 2.06550748075206369E-013
         42, 1.90828043058268584E-013
         43, 2.25687510291944599E-013
         44, 2.24212513904020821E-013
         45, 1.92301255194194589E-013
         46, 2.25021282231238929E-013
         47, 2.13691813155489045E-013
         48, 2.00739094233115148E-013
         49, 2.19900513741092643E-013
         50, 1.93959594072139902E-013
         51, 1.93150784943329514E-013
         52, 1.88883985199253650E-013
         53, 1.84662240250908425E-013
         54, 1.75602667066687559E-013
         55, 2.74020828806340048E-013
         56, 2.20317212208531542E-013
         57, 2.15780344404444118E-013
         58, 1.94327623949542401E-013
         59, 1.94231996690790692E-013
         60, 2.35468967341051172E-013
         61, 2.61322570928433265E-013
         62, 2.05008458590215672E-013
         63, 1.79480800492230743E-013
         64, 2.05164306311500978E-013
         65, 1.87799778343007748E-013
         66, 2.22517968224835816E-013
         67, 2.10066685983461750E-013
         68, 2.14837027607211086E-013
         69, 2.09349010486286957E-013
         70, 1.88086129827499003E-013
         71, 1.82627961625147208E-013
         72, 2.08937200126763627E-013
         73, 2.14734102500628943E-013
         74, 2.06493436588207052E-013
         75, 1.85511902738837943E-013
         76, 2.24326296670625953E-013
         77, 1.97946135423051942E-013
         78, 2.58042717005347885E-013
         79, 1.97005818148969648E-013
         80, 2.28748866864961773E-013
         81, 2.22612227954560022E-013
         82, 2.10249341359796605E-013
         83, 2.31717087908113548E-013
         84, 2.51402840181690204E-013
         85, 2.34899679096774151E-013
         86, 2.14673413447450254E-013
         87, 2.27287647658981846E-013
         88, 2.14314824210919331E-013
         89, 2.28067264221982474E-013
         90, 2.01101920381410339E-013
         91, 1.96708070304543888E-013
         92, 2.20649809763808275E-013
         93, 1.99332199657199600E-013
         94, 2.03621531411512563E-013
         95, 2.39184371825317360E-013
         96, 1.85327066867147325E-013
         97, 2.00257392615174572E-013
         98, 2.25804918111374026E-013
         99, 1.93793233304196622E-013
        100, 2.16937740068438478E-013
        101, 2.04449616714958190E-013
        102, 2.28516777899704635E-013
        103, 2.12845874183266823E-013
        104, 2.60681414318535992E-013
        105, 2.08500817686461376E-013
        106, 2.11369537278459709E-013
        107, 2.30161566731623010E-013
        108, 2.49269760018381797E-013
        109, 2.10303311597011310E-013
        110, 2.04523524287763829E-013
        111, 2.24537268963403898E-013
        112, 2.14794807897677071E-013
        113, 1.85985369372097806E-013
        114, 2.16302703895689127E-013
        115, 2.25787042733070723E-013
        116, 2.09272857285336881E-013
        117, 2.36975533480224295E-013
        118, 2.14281853003752035E-013
        119, 1.96151394570642633E-013
        120, 2.19447467349809927E-013
        121, 2.45281630199232199E-013
        122, 2.29300670432491500E-013
        123, 2.12695388586343690E-013
        124, 1.89303064145712065E-013
        125, 2.31621043019222707E-013
        126, 2.08656558229596028E-013
        127, 2.11642904573999304E-013
        128, 2.55793933250344118E-013
        129, 2.48021164241260226E-013
        130, 2.19209787557021729E-013
        131, 2.28594019906449121E-013
        132, 2.10506129857368552E-013
        133, 2.09835695885443321E-013
        134, 2.57805630938047382E-013
        135, 2.41165869804016831E-013
        136, 2.31030456673965392E-013
        137, 2.31612685593508173E-013
        138, 2.02199354491050025E-013
        139, 2.07279741582433819E-013
        140, 2.35107659793696982E-013
        141, 2.30349905803951558E-013
        142, 2.33328531493964347E-013
        143, 2.08379589772597783E-013
        144, 1.97760695988904484E-013
        145, 2.10950133478912730E-013
        146, 2.24195252693041382E-013
        147, 2.22722358819578216E-013
        148, 2.12138984128696736E-013
        149, 2.36228549706274107E-013
        150, 2.61172502933150914E-013
        151, 2.11428441071672656E-013
        152, 2.25215931445955470E-013
        153, 2.36018674043895565E-013
        154, 2.10355699995294997E-013
        155, 2.31028001682839313E-013
        156, 2.14600171967726384E-013
        157, 2.24440294294742275E-013
        158, 2.38291543501524436E-013
        159, 2.19955819673073245E-013
        160, 2.65290880461965344E-013
        161, 2.17355315180883015E-013
        162, 2.25218746127571415E-013
        163, 2.19941087295559228E-013
        164, 2.24102538367591066E-013
        165, 2.44147519441937548E-013
        166, 2.51058079722248043E-013
        167, 2.55156166945623235E-013
        168, 2.42053572078797639E-013
        169, 2.64542624700369981E-013
        170, 2.03164035583456269E-013
        171, 2.26592838713106381E-013
        172, 2.35382535186777304E-013
        173, 1.98411123691396841E-013
        174, 1.87519789561037345E-013
        175, 2.51348042063195479E-013
        176, 2.25595032810848015E-013
        177, 2.42920044177056290E-013
        178, 2.15740439643838080E-013
        179, 2.11720430902165657E-013
        180, 2.19915647298994760E-013
        181, 2.32953240057475981E-013
        182, 2.16427517913133235E-013
        183, 2.67820174374524647E-013
        184, 2.42025883125633124E-013
        185, 2.13424165164520124E-013
        186, 2.18434632793612961E-013
        187, 2.13710094336623206E-013
        188, 2.15007499102690693E-013
        189, 2.25419604463975934E-013
        190, 2.70554727141211233E-013
        191, 2.19587051427455864E-013
        192, 2.57585605048432216E-013
        193, 2.28900050537989296E-013
        194, 2.04532677919865437E-013
        195, 2.29819599533418280E-013
        196, 2.35232178027504510E-013
        197, 2.31676255010481553E-013
        198, 2.45035243901360082E-013
        199, 2.10839727879114588E-013
        200, 2.44624454664879123E-013
        201, 2.37174521007120045E-013
        202, 2.22758607304340726E-013
        203, 2.25844406311813165E-013
        204, 2.57572554267191671E-013
        205, 2.73923387636048587E-013
        206, 2.42741268738090910E-013
        207, 2.56944907004637538E-013
        208, 2.28179546324511438E-013
        209, 2.40796099641655215E-013
        210, 2.47147823270584068E-013
        211, 3.01021280984624259E-013
        212, 2.58862323137183958E-013
        213, 2.49331243426271548E-013
        214, 2.54208741070926449E-013
        215, 2.51788386886320599E-013
        216, 2.53163630753005745E-013
        217, 2.82188140560737870E-013
        218, 2.69683433898490281E-013
        219, 2.54956284470198807E-013
        220, 2.54386829533793976E-013
        221, 2.37012741196936812E-013
        222, 2.28459567029806549E-013
        223, 2.28588606509453642E-013
        224, 2.72712347945163451E-013
        225, 2.37074631552678145E-013
        226, 2.28339922526153680E-013
        227, 2.47062502483879025E-013
        228, 2.84736841950581771E-013
        229, 2.29564822025603205E-013
        230, 2.26695653579615514E-013
        231, 2.52482472353181292E-013
        232, 2.63115831886169857E-013
        233, 2.23356794405321811E-013
        234, 2.32437687029444995E-013
        235, 2.65640199087108887E-013
        236, 2.36193583180862676E-013
        237, 2.36253462156846524E-013
        238, 2.79743204632458067E-013
        239, 2.18754045162178265E-013
        240, 2.50273827009947752E-013
        241, 2.43276206082251650E-013
        242, 2.05922390242937358E-013
        243, 2.62225128879577994E-013
        244, 2.70963156599023713E-013
        245, 2.54975356865229954E-013
        246, 2.73285783262231524E-013
        247, 2.17127228857761303E-013
        248, 2.63609675206446478E-013
        249, 2.74875754729796535E-013
        250, 2.40329179248016101E-013
        251, 2.67606324132162538E-013
        252, 2.48831643139540052E-013
        253, 2.60918163513569550E-013
        254, 2.51359368708437143E-013
        255, 2.64374343168474406E-013
        256, 3.08604384330316873E-013
        257, 2.88384838933026085E-013
        258, 2.63077098808220618E-013
        259, 2.06790548364035804E-013
        260, 2.64309670015873025E-013
        261, 2.48072175591389069E-013
        262, 2.67847593645412482E-013
        263, 2.71846067483451631E-013
        264, 2.43257146518152077E-013
        265, 2.50370026840766494E-013
        266, 2.63229512634637934E-013
        267, 3.01616814766583334E-013
        268, 2.83077567744930321E-013
        269, 2.51927358743106671E-013
        270, 2.61402155570752451E-013
        271, 2.56133148817387432E-013
        272, 2.69806379502390034E-013
        273, 2.98641307649169670E-013
        274, 3.12513614798739581E-013
        275, 2.62548281522250408E-013
        276, 2.30823143847336315E-013
        277, 2.78676541046400309E-013
        278, 2.84978488394141043E-013
        279, 2.32063137254514328E-013
        280, 2.49308460136335939E-013
        281, 2.78680661138665496E-013
        282, 3.00467041768622523E-013
        283, 2.73837341695119784E-013
        284, 2.68191678935780839E-013
        285, 2.76403160980394617E-013
        286, 2.85705450490432023E-013
        287, 2.14268891602348321E-013
        288, 2.62421017442374005E-013
        289, 2.26534361263665750E-013
        290, 2.70326397389866829E-013
        291, 2.49472353721733104E-013
        292, 2.52588729274161534E-013
        293, 3.51029845910016603E-013
        294, 3.00433460832403373E-013
        295, 2.86155719631861034E-013
        296, 2.71506673966891270E-013
        297, 2.94216305731486519E-013
        298, 2.59901882350088680E-013
        299, 2.36535376497630265E-013
        300, 2.64115941931917821E-013
        301, 2.63675210998057563E-013
        302, 2.44523749160396478E-013
        303, 2.26628130412626013E-013
        304, 2.69426436383073334E-013
        305, 2.99754202852332576E-013
        306, 2.26257663845181722E-013
        307, 2.60915549370936938E-013
        308, 2.75855654559631745E-013
        309, 3.16057337111735028E-013
        310, 3.22991790234552721E-013
        311, 2.47217649513323346E-013
        312, 2.76740028279960864E-013
        313, 2.93298979168979974E-013
        314, 2.55088047882813059E-013
        315, 2.78658548720524023E-013
        316, 2.33952928671424639E-013
        317, 2.46615325047785322E-013
        318, 2.54838815790698277E-013
        319, 2.41562321321814595E-013
        320, 2.81305543087506526E-013
        321, 2.63218978759059061E-013
        322, 3.09416540540947394E-013
        323, 2.64171248123150908E-013
        324, 2.82666608585459395E-013
        325, 2.37869472021973974E-013
        326, 2.45664561258725668E-013
        327, 2.86139499477641799E-013
        328, 2.62261891839749279E-013
        329, 2.53516320235807181E-013
        330, 2.56272371711120227E-013
        331, 2.74563239106161237E-013
        332, 2.54422578779059207E-013
        333, 3.07155308586754426E-013
        334, 3.11533628549482555E-013
        335, 2.46298647787270353E-013
        336, 2.51351415422662346E-013
        337, 2.91346930751415685E-013
        338, 3.31318145072452616E-013
        339, 2.38792476326178327E-013
        340, 2.62289145299300095E-013
        341, 2.91634645002909173E-013
        342, 3.16546810507195714E-013
        343, 3.34667121440807758E-013
        344, 2.86219806957304356E-013
        345, 2.48716745733863667E-013
        346, 2.46468104942990843E-013
        347, 2.64719143517629262E-013
        348, 2.62053281096599401E-013
        349, 2.41265830392824404E-013
        350, 2.52378773538072753E-013
        351, 3.08314328655390946E-013
        352, 2.83254206515082088E-013
        353, 2.77172023813709534E-013
        354, 2.95906857052018197E-013
        355, 2.90286372971251292E-013
        356, 2.71582705404220432E-013
        357, 3.11798603336254826E-013
        358, 2.72690733116376331E-013
        359, 3.17324504369790428E-013
        360, 2.86072454411473874E-013
        361, 3.01922179202473819E-013
        362, 2.84915541215753382E-013
        363, 2.74045225499557110E-013
        364, 2.92737913889504374E-013
        365, 3.04627309212476425E-013
        366, 2.63429411156766913E-013
        367, 2.76586965611092623E-013
        368, 2.84340286225972818E-013
        369, 2.69922455321443647E-013
        370, 2.69101262342493943E-013
        371, 2.79100350203653485E-013
        372, 3.03127297216644926E-013
        373, 2.85338709844130543E-013
        374, 2.92062895544446134E-013
        375, 3.29257178452374539E-013
        376, 3.10454839878889269E-013
        377, 2.98998305970412519E-013
        378, 2.94410496217473393E-013
        379, 2.69277422957332526E-013
        380, 3.07926857233310079E-013
        381, 2.75659337097458018E-013
        382, 2.96616661716184971E-013
        383, 2.95158125892884173E-013
        384, 2.94875992079372954E-013
        385, 2.73529915714916763E-013
        386, 3.04915626283541242E-013
        387, 3.07092043641109150E-013
        388, 3.08352643611598512E-013
        389, 2.96981017027527989E-013
        390, 2.71212889890362304E-013
        391, 2.93206735878339273E-013
        392, 2.80418367216917567E-013
        393, 2.97478856182865495E-013
        394, 2.92420597132748117E-013
        395, 3.02880916914331067E-013
        396, 2.96328007861058765E-013
        397, 2.70691717270815942E-013
        398, 3.46671470768264619E-013
        399, 3.28856278338135824E-013
        400, 2.89216916253033790E-013
        401, 3.09690970381771803E-013
        402, 3.00911520579712252E-013
        403, 2.72775958032351080E-013
        404, 2.86025544629846932E-013
        405, 3.32956421732423356E-013
        406, 3.09803431085256979E-013
        407, 3.42250022854511338E-013
        408, 3.20053477395205892E-013
        409, 3.41221528225656438E-013
        410, 3.11917849861617711E-013
        411, 3.27188878677747188E-013
        412, 2.91113559440291524E-013
        413, 3.45395300513288477E-013
        414, 3.07648539452355283E-013
        415, 3.93441268081365599E-013
        416, 3.43238024164492733E-013
        417, 3.35110641530109558E-013
        418, 3.19744062912701815E-013
        419, 3.55590419101862248E-013
        420, 3.28886083379790991E-013
        421, 3.36889348197585885E-013
        422, 3.59387468468062424E-013
        423, 2.95189983811892121E-013
        424, 3.11853267091565827E-013
        425, 3.50621172711500626E-013
        426, 3.19080971200635851E-013
        427, 3.35044596639879547E-013
        428, 4.10670481448140535E-013
        429, 3.16177304192683810E-013
        430, 3.69861018572486943E-013
        431, 3.62032966524310438E-013
        432, 3.49923834111279462E-013
        433, 3.07462533412533790E-013
        434, 3.41146256063765389E-013
        435, 3.23582110583909346E-013
        436, 3.76502192887485351E-013
        437, 3.62742525148990375E-013
        438, 3.48872003511729759E-013
        439, 3.77484221462602539E-013
        440, 3.92522492287248170E-013
        441, 3.40868736167419928E-013
        442, 3.72049319252772913E-013
        443, 3.17993504230304335E-013
        444, 3.60721658963431299E-013
        445, 3.73852178206985506E-013
        446, 3.13120722073680913E-013
        447, 3.91070286704391629E-013
        448, 3.40719212479042842E-013
        449, 3.75219119600042217E-013
        450, 3.47162795724590895E-013
        451, 3.70455832069216157E-013
        452, 3.83095373892277689E-013
        453, 3.48976881587368430E-013
        454, 3.81821843342412344E-013
        455, 3.67271092144117329E-013
        456, 3.44762803699619046E-013
        457, 3.81647728907035247E-013
        458, 3.64413845383072893E-013
        459, 3.55153424509663715E-013
        460, 3.45031352428736440E-013
        461, 3.60138764778200720E-013
        462, 3.51414171943523461E-013
        463, 3.48003602696458032E-013
        464, 3.73256035305652809E-013
        465, 3.74931325263684223E-013
        466, 3.94569200358310919E-013
        467, 3.60133067067485256E-013
        468, 3.44778527709589765E-013
        469, 4.32442980531553074E-013
        470, 4.18449086211844898E-013
        471, 4.33775741881450354E-013
        472, 4.12530423803496222E-013
        473, 4.41965490435626739E-013
        474, 4.04346854865653459E-013
        475, 4.13653686901914558E-013
        476, 3.69893431992573742E-013
        477, 4.53510191138812711E-013
        478, 4.14589463578771752E-013
        479, 4.45939545088723467E-013
        480, 4.92249823569032014E-013
        481, 4.78580956860166581E-013
        482, 3.92611233172275033E-013
        483, 4.49813450584382000E-013
        484, 4.05461385794517523E-013
        485, 3.86984226948246015E-013
        486, 4.44098444683031313E-013
        487, 5.05802692069107063E-013
        488, 4.86016268162152617E-013
        489, 4.07446467412837980E-013
        490, 4.52534811284524120E-013
        491, 4.59031393528339941E-013
        492, 4.77115275889244391E-013
        493, 4.66828832066964723E-013
        494, 4.59261434590872051E-013
        495, 5.56089860706436180E-013
        496, 5.53399346448675203E-013
        497, 4.43853706366183980E-013
        498, 4.88873601834067096E-013
        499, 4.96995253401778843E-013
        500, 5.23061591145521984E-013
        501, 5.97491059328734752E-013
        502, 6.12126297911308997E-013
        503, 5.31570829700605996E-013
        504, 6.32835669931661514E-013
        505, 5.84812948957380637E-013
        506, 7.10028947065445162E-013
        507, 7.95428882523573027E-013
        508, 9.03245095248087409E-013
        509, 7.95732678905087777E-013
        510, 7.67253875873636318E-013
        511, 8.74434607007732049E-013
        512, 1.02680458744021282E-012
        513, 1.96829440378429557E-013
        514, 1.94325909163920438E-013
        515, 1.73941091268913646E-013
        516, 1.71827240608905555E-013
        517, 2.17495343805481605E-013
        518, 1.81803157639739687E-013
        519, 1.85062504496316193E-013
        520, 1.74160869414948562E-013
        521, 2.02773877698792257E-013
        522, 1.77990218442826860E-013
        523, 1.69552963842209660E-013
        524, 1.93157019935706638E-013
        525, 1.99747585031504662E-013
        526, 1.70097717865959730E-013
        527, 1.80410218957611591E-013
        528, 2.19830365716372754E-013
        529, 2.01597125350247604E-013
        530, 1.74319194892807720E-013
        531, 2.21326115843475324E-013
        532, 1.91274678837662446E-013
        533, 2.22649182182021007E-013
        534, 2.31280233980684591E-013
        535, 2.16371684074215595E-013
        536, 2.07946269027230894E-013
        537, 1.68082150721114420E-013
        538, 2.03041973307633188E-013
        539, 1.84351202053022020E-013
        540, 1.89846421750940577E-013
        541, 1.80075559096996695E-013
        542, 1.93592172817941750E-013
        543, 1.84679956839298510E-013
        544, 1.64064615457383919E-013
        545, 2.05598380894400237E-013
        546, 2.28814558502414541E-013
        547, 1.79933947752732312E-013
        548, 2.14457142100175287E-013
        549, 1.88443194134561970E-013
        550, 1.89437573262970834E-013
        551, 1.84146174079686233E-013
        552, 1.95623561517523639E-013
        553, 1.84017653090910572E-013
        554, 1.84261699819681100E-013
        555, 1.95121181204996665E-013
        556, 1.72388191240371865E-013
        557, 1.62920110472874624E-013
        558, 1.71500161033921717E-013
        559, 1.95743972383834926E-013
        560, 2.00592742535039802E-013
        561, 1.95285268263234642E-013
        562, 1.98298699484332032E-013
        563, 2.44502856418270419E-013
        564, 2.01862002529705750E-013
        565, 2.29356194090494650E-013
        566, 2.09127595950008551E-013
        567, 2.22181704031620589E-013
        568, 2.15090303284473135E-013
        569, 2.06965421172216904E-013
        570, 2.33737145091554666E-013
        571, 2.06475015871754500E-013
        572, 2.11565649189589398E-013
        573, 1.74448987059301656E-013
        574, 2.03473838510446389E-013
        575, 1.93748931912289343E-013
        576, 2.13462674608692665E-013
        577, 1.80203589923032674E-013
        578, 2.16808507674937132E-013
        579, 1.89285696823868267E-013
        580, 2.12651515383025411E-013
        581, 2.11832486384739036E-013
        582, 1.88008371319741930E-013
        583, 1.97291750672078503E-013
        584, 2.12288743808531489E-013
        585, 1.91624254627591280E-013
        586, 2.03404630668243551E-013
        587, 1.56148028538267889E-013
        588, 2.02829830752616165E-013
        589, 1.94954816934474287E-013
        590, 2.34571849069052585E-013
        591, 2.08740719524520841E-013
        592, 1.61892579563914304E-013
        593, 1.94889683921505333E-013
        594, 1.91106912405166288E-013
        595, 2.07732370416083666E-013
        596, 2.37597648818006740E-013
        597, 2.03338257385522483E-013
        598, 2.07852239996816656E-013
        599, 2.42078895550448705E-013
        600, 2.01580422412616534E-013
        601, 2.23724080367625542E-013
        602, 2.28265686366365460E-013
        603, 1.74783323452885931E-013
        604, 2.39628352770777693E-013
        605, 2.24697455411974317E-013
        606, 1.81342153135299311E-013
        607, 2.27407076624682299E-013
        608, 1.84702487094987939E-013
        609, 2.31442679278822193E-013
        610, 2.47924592076728473E-013
        611, 2.39316795219463085E-013
        612, 2.53779508605554892E-013
        613, 2.44926608419988135E-013
        614, 2.29061194845769316E-013
        615, 2.31549752674770264E-013
        616, 2.17486121694515313E-013
        617, 2.01509121572237345E-013
        618, 2.35577325443414916E-013
        619, 2.03742317349224334E-013
        620, 2.53260456759452112E-013
        621, 2.36408971323526967E-013
        622, 2.03287587571341406E-013
        623, 2.11455481039652859E-013
        624, 2.47531347227734296E-013
        625, 2.16458914702922448E-013
        626, 2.21536023477539611E-013
        627, 2.37551471108722957E-013
        628, 2.18134781716932989E-013
        629, 2.39162688009253814E-013
        630, 2.48864357168693831E-013
        631, 2.30520712569381509E-013
        632, 2.20447608240383600E-013
        633, 2.10177725253495283E-013
        634, 2.07982787518703053E-013
        635, 2.42268899480272089E-013
        636, 2.43064600550165182E-013
        637, 2.49882815786327736E-013
        638, 2.65634795575379040E-013
        639, 2.17382869461458851E-013
        640, 2.27667101273998064E-013
        641, 2.31941707248036722E-013
        642, 2.17394012337213203E-013
        643, 2.19354678234372138E-013
        644, 1.97208359529440852E-013
        645, 2.06755177486858595E-013
        646, 2.30212715611752880E-013
        647, 2.26431764647768839E-013
        648, 2.10518235084318696E-013
        649, 2.19688409104322120E-013
        650, 2.29085659446206654E-013
        651, 2.33856186813364205E-013
        652, 2.16637184022793411E-013
        653, 2.31328284753209053E-013
        654, 2.38547343289068709E-013
        655, 2.64108935417912399E-013
        656, 1.98232715425690854E-013
        657, 2.48592582873952018E-013
        658, 2.05561728365197187E-013
        659, 2.48723390787334663E-013
        660, 2.03560793213090460E-013
        661, 2.07496018245017543E-013
        662, 2.34365575254000550E-013
        663, 2.64004245791222311E-013
        664, 2.19508671943005092E-013
        665, 2.34862458347834264E-013
        666, 2.24935116312857660E-013
        667, 2.21534630505433611E-013
        668, 2.17557856706837209E-013
        669, 2.34090838128284311E-013
        670, 2.61675411835390144E-013
        671, 2.55990918936080174E-013
        672, 2.23994305610756347E-013
        673, 2.38526367544075598E-013
        674, 2.68888882495709656E-013
        675, 2.34840265173440305E-013
        676, 2.64812641345612011E-013
        677, 2.48562374181424722E-013
        678, 2.69726798382459796E-013
        679, 2.33728191906785749E-013
        680, 2.27161646364050581E-013
        681, 2.35231540530491161E-013
        682, 2.49685976393844537E-013
        683, 2.42804311712770637E-013
        684, 2.33014856658810854E-013
        685, 2.50837794146693192E-013
        686, 2.93575836993814405E-013
        687, 2.25786822728360393E-013
        688, 2.16256312627038131E-013
        689, 2.27977647551620573E-013
        690, 2.62944544397330359E-013
        691, 2.10754359676700979E-013
        692, 2.56812629834168197E-013
        693, 2.42242358238817582E-013
        694, 2.62781033763820417E-013
        695, 2.13429217938474133E-013
        696, 2.82225864646238779E-013
        697, 2.22698531958372163E-013
        698, 2.33473030306951898E-013
        699, 2.72149249317833658E-013
        700, 2.52214450749970478E-013
        701, 2.08995773142043118E-013
        702, 2.47169144075997672E-013
        703, 2.53498572561279668E-013
        704, 2.48946936495661184E-013
        705, 2.21989987817206538E-013
        706, 2.41065583930555895E-013
        707, 2.27196183449129228E-013
        708, 2.43204643876623831E-013
        709, 2.34375795118015018E-013
        710, 2.48976718772671473E-013
        711, 2.69109820628571951E-013
        712, 2.45547492168525651E-013
        713, 2.39417270424036292E-013
        714, 2.38234032854569729E-013
        715, 2.31855303239263913E-013
        716, 2.19854188624225251E-013
        717, 2.52942599406070655E-013
        718, 2.02057625059702802E-013
        719, 2.37708915229904869E-013
        720, 2.37072951722906048E-013
        721, 2.30656717045352285E-013
        722, 2.38967501191721049E-013
        723, 2.35931877630459144E-013
        724, 2.39287958090764503E-013
        725, 2.40642314977930137E-013
        726, 2.61510647911987203E-013
        727, 2.45022400120176128E-013
        728, 2.15600732224389331E-013
        729, 2.67504172534461874E-013
        730, 2.50780955103297515E-013
        731, 2.65298718616737849E-013
        732, 2.65588757452168051E-013
        733, 2.45450796295306066E-013
        734, 2.35190663721284473E-013
        735, 2.60474749593477449E-013
        736, 2.49694735954180661E-013
        737, 2.77693385435972970E-013
        738, 2.65777610776833382E-013
        739, 2.82183704769640724E-013
        740, 2.63617804137061220E-013
        741, 2.13150925741396202E-013
        742, 2.35358744524385952E-013
        743, 2.15018509983046791E-013
        744, 2.44996048921416922E-013
        745, 2.52141452122719736E-013
        746, 2.46743010359862762E-013
        747, 2.57387490148957802E-013
        748, 2.51114737958685923E-013
        749, 2.75768059772141999E-013
        750, 2.46214378224133760E-013
        751, 2.31681251054936588E-013
        752, 3.06210585034150310E-013
        753, 2.51027445967306181E-013
        754, 2.35491642656403999E-013
        755, 2.62181986638866194E-013
        756, 2.76272484040532481E-013
        757, 2.20995860001672340E-013
        758, 2.91305004820712472E-013
        759, 2.17059939142604724E-013
        760, 2.78439790083124102E-013
        761, 2.57525370935113069E-013
        762, 2.97348661516165219E-013
        763, 2.65436264109958975E-013
        764, 2.43912542717318847E-013
        765, 2.66082832095881217E-013
        766, 2.70501366927147114E-013
        767, 2.19120067409990120E-013
        768, 2.69688554560558986E-013
        769, 2.03673292815023817E-013
        770, 2.49708620685213896E-013
        771, 2.54219078373418912E-013
        772, 2.66713855377643165E-013
        773, 2.59010682485237092E-013
        774, 2.45057552536138451E-013
        775, 2.64296307810047068E-013
        776, 2.40419983100079800E-013
        777, 3.13257788397361218E-013
        778, 2.52140408888744732E-013
        779, 2.79090828781765552E-013
        780, 2.97294798831695821E-013
        781, 2.68436178700559308E-013
        782, 2.68311648246111275E-013
        783, 2.66128516823978102E-013
        784, 2.42110140938010360E-013
        785, 2.74132948122097860E-013
        786, 2.10996676589015960E-013
        787, 2.80493541400445548E-013
        788, 3.01095454600617107E-013
        789, 2.87078153556196085E-013
        790, 2.40215493987631546E-013
        791, 3.09722213154282226E-013
        792, 2.85138313859239066E-013
        793, 2.59849779877437483E-013
        794, 2.61857408063486586E-013
        795, 2.82747974235720681E-013
        796, 2.15149515609933863E-013
        797, 2.31382211940088274E-013
        798, 2.40419647389485437E-013
        799, 2.71441948788727044E-013
        800, 2.37277804862182148E-013
        801, 2.47719935421553860E-013
        802, 2.70566567582329164E-013
        803, 2.58889041086503392E-013
        804, 2.42548817132941709E-013
        805, 2.43550496021973569E-013
        806, 2.51596116965012637E-013
        807, 2.43510669724015947E-013
        808, 2.45428971595571995E-013
        809, 2.58872067485190073E-013
        810, 2.77709594560914379E-013
        811, 2.64122941056104705E-013
        812, 3.11079703543128747E-013
        813, 2.72619847502048460E-013
        814, 2.52147901876959083E-013
        815, 2.85191954236379692E-013
        816, 2.42471189587919133E-013
        817, 3.01052393026550869E-013
        818, 2.42445718489217927E-013
        819, 2.67650607119757515E-013
        820, 3.04779135679582466E-013
        821, 2.64031270563893752E-013
        822, 2.65672233739318813E-013
        823, 2.61746176431124882E-013
        824, 2.91420500330776289E-013
        825, 2.77972604068290703E-013
        826, 2.46519605068519229E-013
        827, 2.76584578299293767E-013
        828, 2.59478198648797785E-013
        829, 2.67029830409679896E-013
        830, 2.92948934880996962E-013
        831, 2.71479977871700533E-013
        832, 2.75239592873352396E-013
        833, 2.54650763262442992E-013
        834, 2.70807490824415302E-013
        835, 2.64248435902046461E-013
        836, 2.43788796472905330E-013
        837, 2.57266928390409530E-013
        838, 2.53177227191507143E-013
        839, 2.15078792651605135E-013
        840, 2.33082878569339976E-013
        841, 2.44925424195077465E-013
        842, 2.76505028086033813E-013
        843, 2.94907587803833651E-013
        844, 3.14687022248909661E-013
        845, 2.58396209138057761E-013
        846, 2.76161493639146197E-013
        847, 3.05891097055605223E-013
        848, 2.85326319869490562E-013
        849, 2.63579222800138940E-013
        850, 3.01384428991163221E-013
        851, 2.56254797862094998E-013
        852, 3.16936706704999902E-013
        853, 2.84535591703326759E-013
        854, 2.59339810547018775E-013
        855, 2.62119305902171664E-013
        856, 2.75891647209938416E-013
        857, 2.78784687695067434E-013
        858, 2.51521091563339163E-013
        859, 2.41723506099519982E-013
        860, 2.46711578518709616E-013
        861, 2.69370859889153167E-013
        862, 2.80356948408977197E-013
        863, 2.81804669559909824E-013
        864, 2.57703905406142172E-013
        865, 2.71536038358998851E-013
        866, 3.07279241990772677E-013
        867, 2.58884793712969626E-013
        868, 2.50429687147583240E-013
        869, 2.93615573439138694E-013
        870, 2.89442593126046273E-013
        871, 3.06173482565088671E-013
        872, 2.83633427374335900E-013
        873, 2.80678136827753292E-013
        874, 2.86968696015912999E-013
        875, 2.88482294955375586E-013
        876, 2.71628550192968146E-013
        877, 2.97398671990369144E-013
        878, 3.03231882156632600E-013
        879, 2.84101426879868902E-013
        880, 2.61903762403128260E-013
        881, 3.08921527711453753E-013
        882, 2.60690745475449228E-013
        883, 2.82683929826460294E-013
        884, 3.26967366000531984E-013
        885, 2.81320124470232246E-013
        886, 2.83180595539170865E-013
        887, 2.91338405410753009E-013
        888, 2.92300804260135790E-013
        889, 3.03101504633466689E-013
        890, 2.79404777682088587E-013
        891, 2.82092652975408071E-013
        892, 3.11990128635092597E-013
        893, 2.78328002819044395E-013
        894, 2.80943596650354042E-013
        895, 2.97992937819287026E-013
        896, 3.31976384375008985E-013
        897, 2.76184834835890612E-013
        898, 2.91582858587373999E-013
        899, 3.60697666999210725E-013
        900, 2.86450021952328633E-013
        901, 3.00777874876303068E-013
        902, 2.82227913496826608E-013
        903, 3.01994971326430520E-013
        904, 3.62474850979627760E-013
        905, 2.91162625909325235E-013
        906, 2.99286419216018818E-013
        907, 3.19288652635204292E-013
        908, 2.97603777814035397E-013
        909, 3.01257882667866642E-013
        910, 2.81271021391317402E-013
        911, 3.24028192618508456E-013
        912, 3.41477978396358831E-013
        913, 3.34582163266945577E-013
        914, 2.76874267279140697E-013
        915, 3.22356275722629125E-013
        916, 3.46976649764759847E-013
        917, 3.11464579604320220E-013
        918, 3.09933848307613533E-013
        919, 3.42631481640993566E-013
        920, 3.32034186112627265E-013
        921, 3.40955799767029651E-013
        922, 3.35094717489397988E-013
        923, 3.19498344844070513E-013
        924, 3.13606372072676163E-013
        925, 3.66139593068784263E-013
        926, 3.30496515471051725E-013
        927, 3.29222148624721268E-013
        928, 3.40395767407543547E-013
        929, 3.03031230444372255E-013
        930, 3.16482228176936082E-013
        931, 3.60749927545146806E-013
        932, 3.04559979554424598E-013
        933, 3.63255178256551558E-013
        934, 3.56490313491563077E-013
        935, 3.61907971945341008E-013
        936, 3.11428473496792850E-013
        937, 3.55051439838137284E-013
        938, 3.33202929749872577E-013
        939, 3.24825231464880171E-013
        940, 3.61192860812691031E-013
        941, 3.09542831460697937E-013
        942, 3.03795547136470542E-013
        943, 3.25965213970589185E-013
        944, 3.23883884954954382E-013
        945, 3.33933112335766279E-013
        946, 3.67059130623026587E-013
        947, 3.56183589340702140E-013
        948, 3.50959691438600819E-013
        949, 3.98359059400234909E-013
        950, 3.56616622982992141E-013
        951, 3.81676483473427543E-013
        952, 3.74632898961763020E-013
        953, 3.36250645974078413E-013
        954, 3.58489015268774253E-013
        955, 3.73894120260054094E-013
        956, 3.74912857165779257E-013
        957, 3.68153096286842699E-013
        958, 3.82567534419856570E-013
        959, 3.46165641943220385E-013
        960, 3.55367752120997258E-013
        961, 3.56997228519356044E-013
        962, 3.67241226505467360E-013
        963, 3.57998200284605021E-013
        964, 3.63179625929539376E-013
        965, 3.69597344595834729E-013
        966, 3.44358860680158889E-013
        967, 4.07833560398736351E-013
        968, 4.05630557190050555E-013
        969, 3.51757280509059735E-013
        970, 3.34420767118413699E-013
        971, 3.83689863918409395E-013
        972, 3.81568469891745609E-013
        973, 4.51800645876968194E-013
        974, 4.19350186118694591E-013
        975, 4.00907567372734703E-013
        976, 3.99164939805052181E-013
        977, 3.59436592622513227E-013
        978, 3.83386580005652465E-013
        979, 3.68369133690344899E-013
        980, 3.86089147566066019E-013
        981, 3.93976528313948538E-013
        982, 4.08648789734105972E-013
        983, 4.27191995783318907E-013
        984, 4.23889277338591770E-013
        985, 4.23211930131007470E-013
        986, 4.03655343651207257E-013
        987, 3.80941208295113824E-013
        988, 4.31035461267324187E-013
        989, 4.31216746492275531E-013
        990, 4.23941202629665778E-013
        991, 4.57896633428653048E-013
        992, 4.31229980638086185E-013
        993, 4.70300071962797433E-013
        994, 4.57455563274567821E-013
        995, 4.34941563981696871E-013
        996, 4.53250855724588751E-013
        997, 4.73025768656557506E-013
        998, 4.95852502210333510E-013
        999, 4.92174572486787028E-013
       1000, 4.96595711499202107E-013
       1001, 4.33584407387668566E-013
       1002, 6.07717200217924891E-013
       1003, 5.31315812533124997E-013
       1004, 6.26485750273559049E-013
       1005, 6.12421676484082468E-013
       1006, 5.47692810963126664E-013
       1007, 5.45841626892612621E-013
       1008, 5.55708671605457364E-013
       1009, 5.95853959913932498E-013
       1010, 6.67239769790197452E-013
       1011, 5.45171788683455249E-013
       1012, 7.01698386976419115E-013
       1013, 6.41674110657579063E-013
       1014, 7.84248120414559659E-013
       1015, 5.32286521063737927E-013
       1016, 6.47042946702073735E-013
       1017, 6.41278457008826926E-013
       1018, 7.48850246033036791E-013
       1019, 6.26441966538263869E-013
       1020, 7.03317668463589463E-013
       1021, 7.21672223438957476E-013
       1022, 7.72886992321724980E-013
       1023, 8.05063449476278226E-013
       1024, 9.88998019853360178E-013
       -512, 1.02680458744021282E-012
          0, 5.81528113374637291E-014
