         0, 2147483647,  1011, 2.56571836139011501E+304
         1,     524777,  1011, 2.88183743202753806E-001
         2,     524734,  1011, 4.89568174919994381E-001
         3,     524723,  1011, 6.94913240372137309E-001
         4,     524639,  1011, 8.91659091372026535E-002
         5,     524313,  1011, 9.73654278197247890E-003
         6,     523972,  1011, 1.05860946398407809E-004
         7,     523814,  1011, 5.75246786867546610E-007
         8,     515053,  1011, 8.10234611468194265E-010
         9,     233701,  1011, 1.75152738537595394E-013
        10,      50010,  1011, 1.82524689629506032E-015
        11,       4524,  1011, 1.79641365512998462E-015
        12,         36,  1011, 1.79010616518789337E-015
        13,          2,  1011, 1.77893769209008390E-015
        14,          1,  1011, 1.64977424876611900E-015
        15,          0,  1011, 0.00000000000000000E+000
"j", "||(G*V)j - (U*Σ)j||_F / Σj"
          1, 1.64828000455333869E-013
          2, 1.73696460997276329E-013
          3, 1.81638683987245703E-013
          4, 1.69896077994846125E-013
          5, 2.03149869376749078E-013
          6, 2.12338940068620671E-013
          7, 1.79519872544169378E-013
          8, 1.99865948954949657E-013
          9, 1.84696852341052309E-013
         10, 1.63481929484700072E-013
         11, 1.86275536573059243E-013
         12, 1.58346227490693173E-013
         13, 1.72759714889867162E-013
         14, 1.92997329976368882E-013
         15, 2.20992361397434509E-013
         16, 2.21293727214487949E-013
         17, 1.96427704694027845E-013
         18, 2.01424192487868734E-013
         19, 1.77227038179359867E-013
         20, 1.92592405223120237E-013
         21, 2.38567926861834699E-013
         22, 1.99032850936617118E-013
         23, 1.80083228032480193E-013
         24, 1.64445799540856821E-013
         25, 1.76406618114052013E-013
         26, 2.10862217304843138E-013
         27, 1.95641364630719102E-013
         28, 1.85733558211841803E-013
         29, 1.85082640218744802E-013
         30, 1.78245246853638334E-013
         31, 2.00642963848596123E-013
         32, 1.85378915709045916E-013
         33, 2.09086442745094188E-013
         34, 1.99729211504695759E-013
         35, 1.85964156818168798E-013
         36, 2.05460010859864875E-013
         37, 1.79212784976295573E-013
         38, 1.82910861935567011E-013
         39, 1.78002068516623270E-013
         40, 2.20556436254730842E-013
         41, 2.04105628334164085E-013
         42, 1.98412069641160127E-013
         43, 1.69340234227073406E-013
         44, 1.87981204500651554E-013
         45, 2.07703879963673899E-013
         46, 2.02654561877039530E-013
         47, 1.95532213571605406E-013
         48, 2.23624692294564245E-013
         49, 2.20686470334182844E-013
         50, 2.20831859147570383E-013
         51, 1.98770394124029167E-013
         52, 1.89596597199574736E-013
         53, 1.82388717444820278E-013
         54, 1.85153825114978343E-013
         55, 2.01702066426716606E-013
         56, 2.06542316971347968E-013
         57, 2.20469544705269341E-013
         58, 1.73090329528578138E-013
         59, 1.69004193627427357E-013
         60, 1.95139891816227730E-013
         61, 2.36721064325154062E-013
         62, 2.19106423962452240E-013
         63, 2.30722531279659350E-013
         64, 2.29065916664527344E-013
         65, 2.25160596434796594E-013
         66, 2.20060706288442393E-013
         67, 2.13802458175289015E-013
         68, 1.93436950368897070E-013
         69, 2.01342703600773749E-013
         70, 2.11749611932335905E-013
         71, 2.01263752746229699E-013
         72, 1.96545768984513920E-013
         73, 2.15205444176894963E-013
         74, 1.74679865966120739E-013
         75, 2.27768396712895906E-013
         76, 2.00845472240857869E-013
         77, 2.36825870894556110E-013
         78, 2.11952196286381580E-013
         79, 1.89954680602735906E-013
         80, 1.99837817056429043E-013
         81, 1.62358494422683066E-013
         82, 1.89342278796355751E-013
         83, 1.81886101476955612E-013
         84, 2.07374497983369842E-013
         85, 2.47779495070975067E-013
         86, 2.29395018601852946E-013
         87, 2.31488976765948839E-013
         88, 1.96663229536170920E-013
         89, 2.32965341608274605E-013
         90, 2.01845049971445293E-013
         91, 2.38070335605843949E-013
         92, 2.45442248280433727E-013
         93, 2.04800812885504167E-013
         94, 1.91001240941847160E-013
         95, 2.28265347499592434E-013
         96, 1.96870356662149608E-013
         97, 2.23203562582666170E-013
         98, 2.23856491588188221E-013
         99, 1.99263065478912430E-013
        100, 2.31191190155524695E-013
        101, 2.23739061006882224E-013
        102, 1.82563268705116087E-013
        103, 2.00541430788941209E-013
        104, 2.18614372268103994E-013
        105, 2.11354265973672902E-013
        106, 2.37062704515820489E-013
        107, 2.27604403535746648E-013
        108, 2.25997699409739189E-013
        109, 2.21597054028060020E-013
        110, 1.96754022095908992E-013
        111, 2.21785452638448499E-013
        112, 2.17982874481771487E-013
        113, 2.20457863876150915E-013
        114, 2.26923173322729392E-013
        115, 2.18287999283740656E-013
        116, 2.20985891661837552E-013
        117, 2.11199608111810589E-013
        118, 2.05500887217511399E-013
        119, 2.27431361790116062E-013
        120, 2.24263636408427089E-013
        121, 2.31177581151968846E-013
        122, 2.20856438004845224E-013
        123, 2.13788505221494498E-013
        124, 2.09180708973145499E-013
        125, 2.49312050823626671E-013
        126, 2.36449867213245735E-013
        127, 2.06801164750131273E-013
        128, 2.20909945889773424E-013
        129, 2.48943831719508794E-013
        130, 1.88948845047427421E-013
        131, 2.14869734266917898E-013
        132, 2.01923461141868355E-013
        133, 2.25325773187225731E-013
        134, 2.05874093464171739E-013
        135, 2.05198241202301732E-013
        136, 2.30808778624106165E-013
        137, 2.14452746292285494E-013
        138, 2.14378596457808312E-013
        139, 2.01268927020464523E-013
        140, 2.20192625269694221E-013
        141, 2.49651755166305202E-013
        142, 2.00143740969801491E-013
        143, 1.87842390955038857E-013
        144, 1.78889219573717436E-013
        145, 2.22325023171489492E-013
        146, 2.20773266415582560E-013
        147, 2.35091381330965150E-013
        148, 2.12857739694221374E-013
        149, 2.25038113402447499E-013
        150, 2.84798607638790923E-013
        151, 2.34105991363194737E-013
        152, 2.03762080900587047E-013
        153, 2.09161445242479031E-013
        154, 1.98342539723504771E-013
        155, 1.91944168307764522E-013
        156, 2.19372798466184349E-013
        157, 2.17526553394451295E-013
        158, 2.31532917747554783E-013
        159, 2.56769533899431085E-013
        160, 2.72783950788651114E-013
        161, 2.14238536816467442E-013
        162, 2.28146320351331938E-013
        163, 2.12723383591983947E-013
        164, 2.05060471250118267E-013
        165, 2.51443279849940483E-013
        166, 2.52950727481674025E-013
        167, 2.35283425330193690E-013
        168, 2.19075325379595666E-013
        169, 2.35986487789300693E-013
        170, 2.01348634207858716E-013
        171, 2.40750389589455128E-013
        172, 2.17415574823333216E-013
        173, 2.41278263973737185E-013
        174, 2.45134507480145316E-013
        175, 2.04146636830193247E-013
        176, 2.11753624731883020E-013
        177, 2.31365043313790988E-013
        178, 2.62505922944953960E-013
        179, 2.58182534028338839E-013
        180, 2.12392045278985060E-013
        181, 2.27643614339659166E-013
        182, 1.89953492618456161E-013
        183, 2.34924366425064415E-013
        184, 2.33658295825272676E-013
        185, 2.18583725912596723E-013
        186, 2.76026047714064746E-013
        187, 2.08370009469294278E-013
        188, 1.87240570408702806E-013
        189, 2.17381839711745076E-013
        190, 2.49333308979496092E-013
        191, 2.81598160474422271E-013
        192, 2.05126558471205508E-013
        193, 2.69154170816285207E-013
        194, 2.49242866135670023E-013
        195, 2.27924788443033850E-013
        196, 2.66446817283127886E-013
        197, 2.19448704572114437E-013
        198, 2.60767508617097717E-013
        199, 2.24993134566751564E-013
        200, 2.42387912085438016E-013
        201, 2.65606414714480756E-013
        202, 2.40714573628653347E-013
        203, 2.55562756577071525E-013
        204, 2.94896063368039401E-013
        205, 2.78048048663815127E-013
        206, 2.14555146067403077E-013
        207, 2.71779206159994859E-013
        208, 2.34944557327044654E-013
        209, 2.45021085215323485E-013
        210, 3.05984873154516192E-013
        211, 3.27669197801933977E-013
        212, 2.44384057618740398E-013
        213, 2.22251833888143686E-013
        214, 2.43530213229299604E-013
        215, 2.51309296682467063E-013
        216, 2.84234475750391958E-013
        217, 2.90858134286236935E-013
        218, 2.36714712939601817E-013
        219, 2.64399102619267106E-013
        220, 2.55604181703012785E-013
        221, 2.26845113774821658E-013
        222, 2.61317109433040411E-013
        223, 2.51713390326724682E-013
        224, 2.65805331386306618E-013
        225, 2.67433451745549885E-013
        226, 2.51266633481443621E-013
        227, 2.76117494707902822E-013
        228, 2.70062477161510765E-013
        229, 2.61902692644437230E-013
        230, 3.02751423848422327E-013
        231, 2.66620683301473874E-013
        232, 2.67686526945809112E-013
        233, 2.90788848985785600E-013
        234, 2.58554945174886228E-013
        235, 2.32931019112556716E-013
        236, 2.56894286553316205E-013
        237, 2.39500275358284009E-013
        238, 2.40051079210272261E-013
        239, 2.25459208026168520E-013
        240, 2.41647095665363390E-013
        241, 2.56903284516921427E-013
        242, 2.56804290856034442E-013
        243, 3.09465075601287531E-013
        244, 2.94152501893579842E-013
        245, 2.70326736573621686E-013
        246, 2.63013784484767454E-013
        247, 2.83506050378028671E-013
        248, 2.77429923342578265E-013
        249, 2.48341231132433658E-013
        250, 2.75091678964735241E-013
        251, 2.79885004174827579E-013
        252, 2.75084965524214741E-013
        253, 2.67599982692615741E-013
        254, 2.93756543275073753E-013
        255, 2.42538518837037331E-013
        256, 2.44761514074700687E-013
        257, 3.05665351868544651E-013
        258, 2.87881105288628027E-013
        259, 2.25093999901987089E-013
        260, 2.60523093896256532E-013
        261, 2.87505299194613018E-013
        262, 3.25674250283060655E-013
        263, 3.39535680003196546E-013
        264, 2.83025998254531192E-013
        265, 2.69403210706852247E-013
        266, 2.49337221346362863E-013
        267, 3.48084451554758169E-013
        268, 2.60819042974319455E-013
        269, 3.12396680633158547E-013
        270, 2.76788524834713452E-013
        271, 2.46762105316765336E-013
        272, 2.95144503762466171E-013
        273, 2.87810353724330335E-013
        274, 2.77153990977933104E-013
        275, 2.59078231997624792E-013
        276, 2.72938960551110276E-013
        277, 3.28416803804626516E-013
        278, 2.31510054361119917E-013
        279, 2.82663861741026838E-013
        280, 2.73407425422220037E-013
        281, 2.92098161236400620E-013
        282, 2.76401905028106816E-013
        283, 2.63197310158741454E-013
        284, 2.29270660005336435E-013
        285, 2.88846588093611571E-013
        286, 3.11522208608972170E-013
        287, 2.55348967087544207E-013
        288, 2.79994290729322858E-013
        289, 2.49782472093100007E-013
        290, 2.67146449999879788E-013
        291, 2.66519921968245797E-013
        292, 3.45490250530819195E-013
        293, 3.46768688297307846E-013
        294, 2.82750618231013975E-013
        295, 3.32058363734304849E-013
        296, 2.67045576172060229E-013
        297, 2.85449967564586107E-013
        298, 2.59449460159493833E-013
        299, 2.61872926221311016E-013
        300, 2.86654596490537592E-013
        301, 2.72228769272115391E-013
        302, 2.77196724096918395E-013
        303, 2.83689599591956759E-013
        304, 2.78005954543916340E-013
        305, 2.88515104327329050E-013
        306, 2.49386541397974618E-013
        307, 3.03435825544310824E-013
        308, 3.31241260623996762E-013
        309, 2.89580455286134026E-013
        310, 2.83905757958626094E-013
        311, 2.31508812539365407E-013
        312, 2.82106924896407229E-013
        313, 2.76167161099502243E-013
        314, 3.31738303015201859E-013
        315, 3.13153168815219884E-013
        316, 3.09155558671340292E-013
        317, 3.02339477096440494E-013
        318, 2.92794178731338683E-013
        319, 3.04231107489754603E-013
        320, 2.74316384456283742E-013
        321, 2.70486028764219743E-013
        322, 3.16670801571653776E-013
        323, 2.66623205668884377E-013
        324, 2.64400373978628872E-013
        325, 3.45214688242484346E-013
        326, 2.81972191074438227E-013
        327, 2.97964756795032046E-013
        328, 3.01613741657839960E-013
        329, 2.68725847391758856E-013
        330, 3.43680717889728292E-013
        331, 2.96473827378148840E-013
        332, 2.41754797443503249E-013
        333, 2.82299494696343320E-013
        334, 3.21160144817712455E-013
        335, 2.65718874369376625E-013
        336, 3.03592062640876018E-013
        337, 3.08229642136176569E-013
        338, 3.22659724958149077E-013
        339, 2.97043459275310693E-013
        340, 2.73807761597034863E-013
        341, 3.15485854644060378E-013
        342, 2.71451551957882898E-013
        343, 2.79698696966293966E-013
        344, 3.38515490934274801E-013
        345, 2.88017434233060221E-013
        346, 3.28369232603470899E-013
        347, 2.71359690119125580E-013
        348, 3.12331213549520931E-013
        349, 2.62188525911133258E-013
        350, 2.99881295561491937E-013
        351, 3.02798041508702799E-013
        352, 3.40640389220775864E-013
        353, 3.05372522576816486E-013
        354, 3.34084992746125633E-013
        355, 3.10222547759829932E-013
        356, 3.30570771967330012E-013
        357, 3.12274338338738039E-013
        358, 2.93402033758958657E-013
        359, 3.08036867260121729E-013
        360, 2.94214739356059275E-013
        361, 3.11179422580203948E-013
        362, 3.14214168226067278E-013
        363, 3.03785438496955397E-013
        364, 3.09061495208083798E-013
        365, 2.98409918050796397E-013
        366, 3.04823810569226849E-013
        367, 2.78286701801652166E-013
        368, 3.55236940281824009E-013
        369, 3.19464297083852190E-013
        370, 2.72070175519622674E-013
        371, 3.26430799211452328E-013
        372, 3.69603835645690434E-013
        373, 3.64860297922434911E-013
        374, 3.00084502348352372E-013
        375, 3.57374977085994070E-013
        376, 3.25156307430769818E-013
        377, 2.98476142490638421E-013
        378, 3.23208889619138640E-013
        379, 3.46457332647883026E-013
        380, 3.36184710048560773E-013
        381, 3.21045649570133454E-013
        382, 3.44632086126030041E-013
        383, 3.49121228761813136E-013
        384, 3.44802868612084339E-013
        385, 3.41123878984168462E-013
        386, 3.63078311796749702E-013
        387, 3.51462922595374520E-013
        388, 3.68431208459364142E-013
        389, 3.74234217092959852E-013
        390, 3.25785480375980219E-013
        391, 3.04493519693732713E-013
        392, 3.45986602729353849E-013
        393, 3.40838847206287835E-013
        394, 3.86658989112366977E-013
        395, 3.19542399425786397E-013
        396, 3.43606608263227654E-013
        397, 4.48481927065122360E-013
        398, 4.27305124957203336E-013
        399, 3.50975814454598344E-013
        400, 3.65207283958797656E-013
        401, 3.34009916046883528E-013
        402, 3.90768551839125355E-013
        403, 3.32622204350582138E-013
        404, 4.43020906767903146E-013
        405, 3.90952081425483918E-013
        406, 3.32530405373858090E-013
        407, 3.75267819511919201E-013
        408, 3.35526325759037151E-013
        409, 3.63754758885178781E-013
        410, 3.71618592974430613E-013
        411, 3.46719652994273366E-013
        412, 3.99181321469539255E-013
        413, 3.83876286503979428E-013
        414, 4.21956041629477152E-013
        415, 3.64249247612161367E-013
        416, 3.83125664124496516E-013
        417, 3.49764628451616548E-013
        418, 4.23258712014014245E-013
        419, 4.23750888248473745E-013
        420, 3.33297363411062902E-013
        421, 3.59848689659627191E-013
        422, 5.01125613650188278E-013
        423, 4.05270690826066679E-013
        424, 4.03884649563067085E-013
        425, 4.20731750190177392E-013
        426, 3.66655671400414969E-013
        427, 4.36765822163631990E-013
        428, 3.99831717342242052E-013
        429, 3.98394451687968897E-013
        430, 4.00606233181001736E-013
        431, 3.81131680664220088E-013
        432, 4.33204779817151670E-013
        433, 3.70236208435561657E-013
        434, 4.30827791788608892E-013
        435, 4.50620109300040811E-013
        436, 4.56037733315793659E-013
        437, 4.15494593869305158E-013
        438, 4.12480659002804573E-013
        439, 4.01562186464568598E-013
        440, 3.45917961594368182E-013
        441, 4.13206745398394460E-013
        442, 3.90978872922258589E-013
        443, 3.78726600582823411E-013
        444, 4.29560716895105486E-013
        445, 4.39818086137348728E-013
        446, 4.09868936367448975E-013
        447, 4.43474032725607699E-013
        448, 4.96320171247939589E-013
        449, 4.30747958352152339E-013
        450, 4.16204629087407406E-013
        451, 4.89039190053194985E-013
        452, 4.31440556750937777E-013
        453, 3.88003033188645587E-013
        454, 4.36772676852515456E-013
        455, 3.71275538143389510E-013
        456, 4.14766499340021203E-013
        457, 3.81425436290943676E-013
        458, 3.87816120352489154E-013
        459, 4.20387201674538079E-013
        460, 4.30784662773887027E-013
        461, 4.16347440833637200E-013
        462, 4.27018667110783259E-013
        463, 4.76721156847901508E-013
        464, 4.86442087860618626E-013
        465, 5.28526409855651428E-013
        466, 4.88832279243394788E-013
        467, 4.64439800137749880E-013
        468, 4.21764884722816881E-013
        469, 4.27318606418995608E-013
        470, 4.59505120890918451E-013
        471, 5.02034675974083532E-013
        472, 4.28583796697773826E-013
        473, 4.80454880849215674E-013
        474, 4.91712062759600226E-013
        475, 4.66523340976670027E-013
        476, 4.77018988605202602E-013
        477, 4.62447240578806866E-013
        478, 5.30674748417113981E-013
        479, 5.29818310396088017E-013
        480, 5.30112755066427152E-013
        481, 4.67833246769972491E-013
        482, 4.89642089900194819E-013
        483, 4.33844448706707142E-013
        484, 4.00013394107333411E-013
        485, 5.05111191913450769E-013
        486, 5.27788250787614899E-013
        487, 5.64606340093728875E-013
        488, 4.83049704307156284E-013
        489, 5.38147690016840460E-013
        490, 5.13789487059510554E-013
        491, 4.84135760229758554E-013
        492, 5.87500833917457290E-013
        493, 5.14615107690991425E-013
        494, 5.04527061650370999E-013
        495, 4.79841285655399491E-013
        496, 5.47497589294615858E-013
        497, 4.81188515887156724E-013
        498, 4.85002779313838316E-013
        499, 4.94500351820045202E-013
        500, 5.48157036465432490E-013
        501, 5.82315620793367225E-013
        502, 5.38121578316487804E-013
        503, 5.43332629989971053E-013
        504, 6.57122587753711410E-013
        505, 5.26200820155600679E-013
        506, 6.33952432349754325E-013
        507, 6.97428780044434432E-013
        508, 6.86220483033176282E-013
        509, 6.58190504286558917E-013
        510, 6.42374243476479426E-013
        511, 8.58299106886056228E-013
        512, 7.88545318454247117E-013
        513, 1.84180127968767375E-013
        514, 1.73229884909835470E-013
        515, 1.86000347783046341E-013
        516, 1.69496769575006651E-013
        517, 2.16711797347327016E-013
        518, 1.87173441540129204E-013
        519, 2.03629463007458321E-013
        520, 1.91662994009730370E-013
        521, 2.10296308532970615E-013
        522, 2.13242212009357949E-013
        523, 2.14293241786675879E-013
        524, 1.85409399313875262E-013
        525, 1.94840777929593323E-013
        526, 1.88281725580313312E-013
        527, 1.79818892800393933E-013
        528, 1.85986688293593545E-013
        529, 1.76029506796476287E-013
        530, 2.08378325556473851E-013
        531, 2.15304191942881527E-013
        532, 1.80068634749926078E-013
        533, 2.15073795568746918E-013
        534, 2.23216204473833641E-013
        535, 1.74501755635163166E-013
        536, 1.82412574079329373E-013
        537, 1.85233276604066919E-013
        538, 1.83146281458398226E-013
        539, 2.17915451762806318E-013
        540, 1.87925447050979202E-013
        541, 2.03569692095222519E-013
        542, 2.05470622394110600E-013
        543, 1.90138883750315612E-013
        544, 1.78024029447753924E-013
        545, 1.89522937475003650E-013
        546, 1.95944623348715928E-013
        547, 2.00226966359094431E-013
        548, 2.14539182798314232E-013
        549, 2.09686228364646660E-013
        550, 1.87565075898814925E-013
        551, 1.99176710501040109E-013
        552, 2.13341671265748191E-013
        553, 2.13092788323181628E-013
        554, 1.96601635452690070E-013
        555, 2.05387688975317844E-013
        556, 2.31729983743249192E-013
        557, 2.05271808412050900E-013
        558, 2.17068139076687772E-013
        559, 1.99034412476215613E-013
        560, 1.92921030407404606E-013
        561, 2.06564170648954820E-013
        562, 2.04449900026740209E-013
        563, 1.84840294627871669E-013
        564, 2.34731759812819626E-013
        565, 2.07896308446662673E-013
        566, 2.25467066952084212E-013
        567, 2.00008342841237489E-013
        568, 2.42990620281085880E-013
        569, 1.86576211004798678E-013
        570, 1.89337874869894107E-013
        571, 2.07022886241219158E-013
        572, 1.94124403329329996E-013
        573, 1.86175676139224374E-013
        574, 2.17681895676024494E-013
        575, 2.27096875557016250E-013
        576, 1.98733101768098660E-013
        577, 2.18937955729694262E-013
        578, 2.24150107646692919E-013
        579, 1.96243603291053266E-013
        580, 1.93053956748880566E-013
        581, 2.02483760578899596E-013
        582, 1.88480841550694725E-013
        583, 2.00965219631725326E-013
        584, 1.94933785616308730E-013
        585, 2.29327814545045528E-013
        586, 1.97856433255642336E-013
        587, 1.93422517653913984E-013
        588, 1.93187210522078161E-013
        589, 2.07424144179281956E-013
        590, 2.08888750806564173E-013
        591, 2.37111868436050278E-013
        592, 1.79413779064600688E-013
        593, 2.20335139745363414E-013
        594, 2.01514427573114853E-013
        595, 1.97423401838570217E-013
        596, 1.90238941763877378E-013
        597, 1.93030489224340347E-013
        598, 2.09172973224500923E-013
        599, 2.09318339843848992E-013
        600, 2.06960080091950505E-013
        601, 2.13061429980874741E-013
        602, 1.91428735311988031E-013
        603, 2.25983158541985269E-013
        604, 2.28873308774734462E-013
        605, 2.12230044014982539E-013
        606, 2.16377225290764433E-013
        607, 1.98576515457931282E-013
        608, 1.98311807217689889E-013
        609, 2.24339671641554014E-013
        610, 2.52270780602055442E-013
        611, 2.06069877125716095E-013
        612, 2.15401351552737304E-013
        613, 2.09581723526380655E-013
        614, 2.21304416653541411E-013
        615, 2.32960456347477419E-013
        616, 1.97999178369522237E-013
        617, 2.19673296660562157E-013
        618, 1.77003504297782853E-013
        619, 2.44724520332384824E-013
        620, 2.26996100771473035E-013
        621, 2.01718709433636230E-013
        622, 2.23613549906211075E-013
        623, 2.26349045664733759E-013
        624, 2.01993258165135737E-013
        625, 2.10328755075842099E-013
        626, 2.12598689780562594E-013
        627, 2.46704340489701172E-013
        628, 1.98144673998743407E-013
        629, 2.44489993834725022E-013
        630, 2.20340822975768927E-013
        631, 1.86512959135970876E-013
        632, 1.95716918469719474E-013
        633, 2.33893679806120729E-013
        634, 1.97618020876616239E-013
        635, 2.32275638727346351E-013
        636, 2.11265139873667356E-013
        637, 2.11917880184361991E-013
        638, 2.32815208429841513E-013
        639, 2.55304549786173341E-013
        640, 2.52194296683569348E-013
        641, 1.95873642956248244E-013
        642, 2.13241668509830060E-013
        643, 2.00347090509101173E-013
        644, 2.46901561220854778E-013
        645, 2.12247950850519165E-013
        646, 2.04827671563389381E-013
        647, 2.07781762218720203E-013
        648, 2.11010570137246815E-013
        649, 2.08706871231936254E-013
        650, 2.40632890815448398E-013
        651, 2.17996634649908994E-013
        652, 2.29308399035527595E-013
        653, 2.53671029060862024E-013
        654, 2.12798231019396495E-013
        655, 1.93111976972864031E-013
        656, 1.99296346595212070E-013
        657, 2.40733822623149382E-013
        658, 2.17290653652681832E-013
        659, 2.39536276697313152E-013
        660, 2.11132845142709145E-013
        661, 1.87033909569584517E-013
        662, 2.36290064666394740E-013
        663, 2.68267188694803748E-013
        664, 2.21297788654020237E-013
        665, 1.79734402432926850E-013
        666, 2.50206666592100955E-013
        667, 1.98261036313513287E-013
        668, 2.18854675305527640E-013
        669, 2.21040118471278961E-013
        670, 2.37309773869101877E-013
        671, 2.19758799491604671E-013
        672, 2.33721648014500444E-013
        673, 2.18020752848433944E-013
        674, 1.97140897660353005E-013
        675, 2.59719402130643567E-013
        676, 2.57898500404189795E-013
        677, 2.49440215912747296E-013
        678, 2.40269020756069176E-013
        679, 2.83320444613089563E-013
        680, 2.74637631495365857E-013
        681, 2.09056367526674412E-013
        682, 2.29492525058049922E-013
        683, 2.96124615650859182E-013
        684, 2.42642894194028441E-013
        685, 2.58625658533609539E-013
        686, 2.84142039901555637E-013
        687, 2.63448464875245367E-013
        688, 2.38412896026343082E-013
        689, 2.15393613665468927E-013
        690, 2.66071296849575089E-013
        691, 1.88936172494223032E-013
        692, 2.63985808936016777E-013
        693, 2.30062427341492160E-013
        694, 2.30097828181567368E-013
        695, 2.16912110796750870E-013
        696, 2.75801534707171453E-013
        697, 2.27253726733385116E-013
        698, 3.31512974746541004E-013
        699, 2.39876471248620275E-013
        700, 2.40854084015804305E-013
        701, 2.17339070330161224E-013
        702, 2.14229532898100794E-013
        703, 2.30204111182902202E-013
        704, 2.38668944171637221E-013
        705, 2.53263364301747751E-013
        706, 2.50666522626564059E-013
        707, 2.63276665421439059E-013
        708, 2.44774588196753959E-013
        709, 2.25150342748818862E-013
        710, 2.59705825128907267E-013
        711, 2.47200034458324832E-013
        712, 2.53906372033790810E-013
        713, 2.49808414422809774E-013
        714, 2.33490304734421014E-013
        715, 2.13910059619052464E-013
        716, 2.39996004099301230E-013
        717, 2.26027854391049627E-013
        718, 2.16121507537122395E-013
        719, 2.38674165129202727E-013
        720, 2.43002949596308003E-013
        721, 2.19598124468613976E-013
        722, 2.32249824237020644E-013
        723, 2.56304634387845915E-013
        724, 2.82444446994271577E-013
        725, 2.47854861689216667E-013
        726, 2.57609365399734180E-013
        727, 2.48081222910354303E-013
        728, 2.38492369916979260E-013
        729, 2.38480889270968566E-013
        730, 2.73178744010692286E-013
        731, 3.02972618392336188E-013
        732, 2.30781209969409286E-013
        733, 2.64332248426142757E-013
        734, 2.15608473986391770E-013
        735, 2.44654333634483874E-013
        736, 2.35882191506259719E-013
        737, 3.30169986296803789E-013
        738, 2.39017255395834848E-013
        739, 2.95098462549654208E-013
        740, 2.64813944127237086E-013
        741, 2.46057839073664594E-013
        742, 2.65557136732786241E-013
        743, 2.45458462124912586E-013
        744, 2.40964899679418355E-013
        745, 2.31292213195439359E-013
        746, 2.69335853954169118E-013
        747, 2.38645353171660622E-013
        748, 2.60508516227801479E-013
        749, 2.72197753783908687E-013
        750, 2.33845992415644498E-013
        751, 2.35600939459382523E-013
        752, 2.91963932765619295E-013
        753, 2.66023945467244285E-013
        754, 2.75558058185710805E-013
        755, 2.11432012782628152E-013
        756, 2.09265916781520489E-013
        757, 2.44490976424906966E-013
        758, 2.44438860936920424E-013
        759, 2.39785641182376490E-013
        760, 2.95332647327529619E-013
        761, 3.05862275817752472E-013
        762, 2.80254772958669025E-013
        763, 3.03755267479577055E-013
        764, 2.41198140508879331E-013
        765, 2.78368162326885652E-013
        766, 2.72809088424161838E-013
        767, 2.74704348051037236E-013
        768, 2.93256861729562958E-013
        769, 2.28989195867114762E-013
        770, 2.85503408176015429E-013
        771, 2.65267890144237957E-013
        772, 2.96750257696797122E-013
        773, 2.81149740879986674E-013
        774, 2.41056886334315013E-013
        775, 2.78582309217570152E-013
        776, 2.38498538819887844E-013
        777, 2.68740500916901648E-013
        778, 3.19868216883508358E-013
        779, 2.44639531224587357E-013
        780, 2.61390368660050339E-013
        781, 3.06397664769096220E-013
        782, 2.65370160339086123E-013
        783, 2.49588238681999637E-013
        784, 2.44485736908184093E-013
        785, 2.69551825793836753E-013
        786, 2.40243625478261923E-013
        787, 2.77112867444577937E-013
        788, 3.24514991655398756E-013
        789, 3.56025861988868856E-013
        790, 2.69211923708317156E-013
        791, 3.11207606144463260E-013
        792, 2.59902459809971329E-013
        793, 2.50885402170126790E-013
        794, 3.29433921960882878E-013
        795, 3.08992171308547606E-013
        796, 2.68291581917671690E-013
        797, 2.52105649169118518E-013
        798, 2.50028985393967027E-013
        799, 2.67110880580206517E-013
        800, 2.48471373800829073E-013
        801, 2.63277793936268466E-013
        802, 2.60577973639811523E-013
        803, 2.84511057080092476E-013
        804, 2.53254282633502290E-013
        805, 2.66964576357758684E-013
        806, 2.71915744725641189E-013
        807, 3.03075272749770108E-013
        808, 2.58791370622798888E-013
        809, 2.22445678286914779E-013
        810, 3.02109722556363830E-013
        811, 2.44086645817323981E-013
        812, 2.67442369922731349E-013
        813, 2.70201179438863739E-013
        814, 2.72332781951490056E-013
        815, 3.11836796356181587E-013
        816, 3.02180445024741198E-013
        817, 3.32763960624095485E-013
        818, 2.66630470819310759E-013
        819, 2.75216992327839736E-013
        820, 3.06552018921183519E-013
        821, 2.40010524656398548E-013
        822, 3.15217597188995489E-013
        823, 2.56113575847748905E-013
        824, 3.01007923604844545E-013
        825, 2.77714104423856255E-013
        826, 2.74788584274473750E-013
        827, 2.86138534089961601E-013
        828, 2.88319571231405049E-013
        829, 2.70662906878212163E-013
        830, 3.00072183754164450E-013
        831, 2.76137407525152471E-013
        832, 2.65720428648611182E-013
        833, 2.78840398516206083E-013
        834, 2.77338366745141210E-013
        835, 2.80388892156024976E-013
        836, 2.93362178582886544E-013
        837, 2.62777037323231214E-013
        838, 3.06639871658421276E-013
        839, 2.95624828219929292E-013
        840, 2.44892488897759744E-013
        841, 2.93986709276128351E-013
        842, 3.19488981201720503E-013
        843, 3.10490734734301169E-013
        844, 2.66757373429339129E-013
        845, 2.84055709956660190E-013
        846, 3.40980183270403066E-013
        847, 2.98828885422012203E-013
        848, 2.44870051949684974E-013
        849, 2.96779801799541378E-013
        850, 3.16066639938077458E-013
        851, 2.71117958043990405E-013
        852, 3.12940644581114664E-013
        853, 2.93190265720647795E-013
        854, 3.12619272497077351E-013
        855, 2.77919709189910841E-013
        856, 3.16051903436751660E-013
        857, 3.16250649808378706E-013
        858, 2.60397632683021877E-013
        859, 2.87746115683563610E-013
        860, 2.65218351780806931E-013
        861, 2.98033517845659153E-013
        862, 3.04897352048579055E-013
        863, 3.35532081690763194E-013
        864, 2.92311299200911556E-013
        865, 3.10678702696677360E-013
        866, 2.85313463013554308E-013
        867, 2.78973202367574788E-013
        868, 2.67387147338693554E-013
        869, 2.91682531729793252E-013
        870, 3.37968074596665665E-013
        871, 3.25970675135885781E-013
        872, 3.30296277965605657E-013
        873, 2.84735306289751343E-013
        874, 2.94178252670112627E-013
        875, 3.31329339981776486E-013
        876, 3.14409818504721174E-013
        877, 3.42559734870230473E-013
        878, 3.49872507048358372E-013
        879, 3.28953202455199342E-013
        880, 3.35133403877075907E-013
        881, 2.99883308064085511E-013
        882, 3.28615535533391539E-013
        883, 3.15208318662808141E-013
        884, 3.46590094699165614E-013
        885, 2.52820850422932351E-013
        886, 3.48547016936872159E-013
        887, 3.33810369463757438E-013
        888, 3.45596352873056786E-013
        889, 3.16112311762450824E-013
        890, 3.12747110246439726E-013
        891, 3.34620834143989234E-013
        892, 3.71786710392978417E-013
        893, 3.20803395295708342E-013
        894, 3.30069011843185991E-013
        895, 4.01631135840411317E-013
        896, 3.19379211525022849E-013
        897, 3.43357841052363367E-013
        898, 3.48203627375497922E-013
        899, 3.14862134139854578E-013
        900, 3.35560705402079833E-013
        901, 3.74342568523397210E-013
        902, 3.28428336245249249E-013
        903, 4.09571136476707396E-013
        904, 3.13059325819811612E-013
        905, 3.29716639743330341E-013
        906, 3.56602785385497556E-013
        907, 3.24801174136852693E-013
        908, 3.48062279132303114E-013
        909, 3.53571121251718013E-013
        910, 3.53432072980780712E-013
        911, 3.51143714383659567E-013
        912, 4.37127875051465398E-013
        913, 3.69276368147119419E-013
        914, 3.74528981022263090E-013
        915, 4.21301723890283458E-013
        916, 3.88455859066651943E-013
        917, 3.13796070709403653E-013
        918, 3.25528348151406159E-013
        919, 4.14782689095872540E-013
        920, 3.63619977131532514E-013
        921, 3.44028015861136250E-013
        922, 3.21721949143570829E-013
        923, 3.07077515086265173E-013
        924, 4.02578368732194417E-013
        925, 3.46283395887700371E-013
        926, 3.79448127601609589E-013
        927, 3.27012656180837023E-013
        928, 3.72755575414449535E-013
        929, 3.45957279339658251E-013
        930, 3.79841685566777116E-013
        931, 3.92632480551621953E-013
        932, 3.76700548196323652E-013
        933, 3.64626361215620500E-013
        934, 4.05241564856043979E-013
        935, 4.36984179012815981E-013
        936, 4.21827257327314458E-013
        937, 3.91951966469477275E-013
        938, 3.97458544862016876E-013
        939, 4.21534030599091936E-013
        940, 4.08687826383669707E-013
        941, 4.11305640955102063E-013
        942, 4.78110386690210568E-013
        943, 3.64982207623516128E-013
        944, 3.96552301289015811E-013
        945, 4.10400407307090658E-013
        946, 3.77888516593964610E-013
        947, 3.76211219735783323E-013
        948, 4.06200358950496283E-013
        949, 4.14239518954140678E-013
        950, 4.31881444468961870E-013
        951, 4.25941748096778429E-013
        952, 4.73256806942802354E-013
        953, 4.12198744973469831E-013
        954, 4.01045193124776710E-013
        955, 4.17294750859042058E-013
        956, 4.09205010678844175E-013
        957, 3.91544186659329043E-013
        958, 4.25803731592593326E-013
        959, 4.32202910795309733E-013
        960, 4.32733085950463198E-013
        961, 4.43281191893315050E-013
        962, 4.41564639860629166E-013
        963, 4.01902953471557801E-013
        964, 4.63804234059779587E-013
        965, 4.23251864271736613E-013
        966, 3.96956674317480530E-013
        967, 4.22258998857755752E-013
        968, 4.09930676744299231E-013
        969, 4.68511488798074220E-013
        970, 3.98696242542097050E-013
        971, 4.60941582280070848E-013
        972, 3.36926864451240523E-013
        973, 4.85763353184071984E-013
        974, 4.35640337739789171E-013
        975, 3.65454521792247363E-013
        976, 4.67777154539002779E-013
        977, 4.46007410408066598E-013
        978, 3.80150090303972590E-013
        979, 4.30408815026517917E-013
        980, 4.74432661314204534E-013
        981, 4.67342109496763785E-013
        982, 4.72102221668352318E-013
        983, 4.90294484823503233E-013
        984, 4.90269766752627370E-013
        985, 4.04099175291089162E-013
        986, 4.87137951318618601E-013
        987, 4.58523748625586697E-013
        988, 4.21100682962255217E-013
        989, 4.81037020957013329E-013
        990, 5.17507762192314968E-013
        991, 4.60780120273151063E-013
        992, 4.29225008312305332E-013
        993, 5.60398757982249493E-013
        994, 5.83105923929349999E-013
        995, 4.62842864009541117E-013
        996, 4.98413429909401503E-013
        997, 5.28413607344878684E-013
        998, 5.68038791168695840E-013
        999, 5.47272809940591666E-013
       1000, 5.37312519909452259E-013
       1001, 5.12737408873986349E-013
       1002, 6.00769023421119931E-013
       1003, 5.66058064870962477E-013
       1004, 5.32295592749760162E-013
       1005, 5.30228990650658731E-013
       1006, 5.83936824830786553E-013
       1007, 4.97242726915099083E-013
       1008, 5.41440566454434747E-013
       1009, 4.94158519958841808E-013
       1010, 5.34341215298264383E-013
       1011, 5.58875017723641818E-013
       1012, 5.79975961211381560E-013
       1013, 5.55031231670195344E-013
       1014, 6.01551752758323314E-013
       1015, 5.28094946541204504E-013
       1016, 5.69479477261739504E-013
       1017, 6.36547094598080037E-013
       1018, 6.82792912877565164E-013
       1019, 7.21848151187465673E-013
       1020, 6.82388887496836021E-013
       1021, 6.31999070436915710E-013
       1022, 6.75796350619994004E-013
       1023, 6.41029425318794739E-013
       1024, 8.66110552852607211E-013
      -1024, 8.66110552852607211E-013
          0, 5.19822008958577114E-014
