         0, 2147483647,  1010, 1.25609184041879444E+304
         1,    2098159,  1010, 2.41092687598046085E-001
         2,    2098110,  1010, 5.10637474783394718E-001
         3,    2098085,  1010, 8.00000000000000044E-001
         4,    2098061,  1010, 4.56995664730101114E-001
         5,    2097701,  1010, 2.70813600673527888E-002
         6,    2097075,  1010, 6.51978431173859093E-004
         7,    2096435,  1010, 7.61666527342417375E-006
         8,    2095775,  1010, 3.43364071001897946E-008
         9,    1845784,  1010, 2.56304194455786108E-011
        10,     394813,  1010, 5.91687720667432939E-015
        11,      80441,  1010, 2.53821122983729355E-015
        12,       4401,  1010, 2.51720373883220195E-015
        13,         39,  1010, 2.51842175364286114E-015
        14,          3,  1010, 0.00000000000000000E+000
        15,          0,  1010, 0.00000000000000000E+000
"j", "||(G*V)j - (U*Σ)j||_F / Σj"
          1, 3.98363180536799261E-013
          2, 4.27719759608550671E-013
          3, 4.30054469039067035E-013
          4, 4.26432345862771272E-013
          5, 4.55615757489011045E-013
          6, 4.23169217831043544E-013
          7, 3.99508793276030196E-013
          8, 4.02873081273438525E-013
          9, 3.58001573447016352E-013
         10, 3.93118756450994371E-013
         11, 3.55050147665601014E-013
         12, 4.09514752502403565E-013
         13, 3.96216042226758807E-013
         14, 3.88538351885393149E-013
         15, 4.13461813910286322E-013
         16, 4.04703147739050665E-013
         17, 4.15598212133916028E-013
         18, 3.59858107990799994E-013
         19, 4.82357803624066397E-013
         20, 4.00945663218752141E-013
         21, 4.00429649447555019E-013
         22, 4.48863894605979457E-013
         23, 3.87912357569760010E-013
         24, 3.68736736493531763E-013
         25, 4.21361975645429446E-013
         26, 4.18429837859549949E-013
         27, 3.91283857273850406E-013
         28, 3.69685780692852661E-013
         29, 3.59727377323794670E-013
         30, 4.11616997840240056E-013
         31, 3.75141246378914753E-013
         32, 3.96105711395110677E-013
         33, 4.03266501985386200E-013
         34, 4.16417548847563030E-013
         35, 4.36879929419802677E-013
         36, 3.98326770072058663E-013
         37, 3.90453583117716384E-013
         38, 3.84238067248891384E-013
         39, 4.09576848057217452E-013
         40, 4.14322215818926055E-013
         41, 3.79950917451496769E-013
         42, 3.94263348557577295E-013
         43, 4.78026178992451595E-013
         44, 3.87743233472251633E-013
         45, 3.64320373187434042E-013
         46, 4.02727554823070928E-013
         47, 4.38045470607831647E-013
         48, 4.14024671355498120E-013
         49, 3.66049403005891040E-013
         50, 4.52121975890189647E-013
         51, 4.07354875775732809E-013
         52, 3.91258683292759315E-013
         53, 3.84789223978993891E-013
         54, 3.94468544771361566E-013
         55, 4.06627690971041482E-013
         56, 4.46406507769004726E-013
         57, 4.10497513636229401E-013
         58, 3.85546527633387360E-013
         59, 3.84636917473270911E-013
         60, 3.84087790291882209E-013
         61, 4.34823881778579496E-013
         62, 4.14072461626419654E-013
         63, 4.04370977146217822E-013
         64, 3.76568853271348540E-013
         65, 4.55691351780781344E-013
         66, 4.24512308753831683E-013
         67, 4.39331710840111130E-013
         68, 4.26751387681816023E-013
         69, 4.44221175673459336E-013
         70, 4.04073349614916708E-013
         71, 4.30029737734175656E-013
         72, 3.98782507631624496E-013
         73, 4.38481148199866996E-013
         74, 3.77087976532809300E-013
         75, 4.43867840903026714E-013
         76, 4.35961386844735262E-013
         77, 4.19281278000569132E-013
         78, 4.56981501075526440E-013
         79, 4.58372428362622356E-013
         80, 4.22416596403296758E-013
         81, 4.07094752416380362E-013
         82, 4.13834103605724828E-013
         83, 4.24164165647298095E-013
         84, 4.23134402181426031E-013
         85, 3.83655809668633676E-013
         86, 4.19311492232379305E-013
         87, 4.13883701371295228E-013
         88, 3.73523261583597298E-013
         89, 4.89309825883492975E-013
         90, 4.17796611841039127E-013
         91, 3.85816650693263283E-013
         92, 3.95863653343706453E-013
         93, 3.99472352829676436E-013
         94, 4.43516070167033106E-013
         95, 3.83508295076252011E-013
         96, 4.09372353660352864E-013
         97, 4.22886744090520195E-013
         98, 4.36663808771621278E-013
         99, 4.18552629725907880E-013
        100, 4.55380660065301610E-013
        101, 4.15138646072561814E-013
        102, 3.88002144778238602E-013
        103, 4.25145342245601913E-013
        104, 4.20150630226670694E-013
        105, 4.18554685452720207E-013
        106, 4.32628219506140850E-013
        107, 4.20726017760670873E-013
        108, 4.05473407213552560E-013
        109, 4.57837644845354495E-013
        110, 4.33568880658448227E-013
        111, 4.26094275095753879E-013
        112, 4.27324361305188026E-013
        113, 4.46280688256442721E-013
        114, 3.81898140969624179E-013
        115, 4.43591377993872253E-013
        116, 3.84567652592120500E-013
        117, 4.48059483376277372E-013
        118, 4.39943696361642952E-013
        119, 4.15271200998773023E-013
        120, 4.29547107898085344E-013
        121, 4.34405787177117394E-013
        122, 4.86587317969605293E-013
        123, 4.13587678597103470E-013
        124, 4.34477321240551714E-013
        125, 4.59166455869911443E-013
        126, 4.62167125225387830E-013
        127, 4.06586744033756398E-013
        128, 4.74922834568672830E-013
        129, 4.21033959397170791E-013
        130, 4.47187358215467947E-013
        131, 4.17936675006587590E-013
        132, 4.04812979841714479E-013
        133, 4.26333138003566954E-013
        134, 4.19739295108401094E-013
        135, 4.57954127913168600E-013
        136, 4.56714434148056067E-013
        137, 4.22151615580244598E-013
        138, 4.72914809371053222E-013
        139, 4.63807913640133499E-013
        140, 4.41540254602975258E-013
        141, 4.05864906315974575E-013
        142, 4.17168905832395468E-013
        143, 4.40792422601217541E-013
        144, 4.67417392057881445E-013
        145, 4.41432861058590430E-013
        146, 4.30894839584728202E-013
        147, 4.12554468842180150E-013
        148, 4.68408669966377027E-013
        149, 4.14409469174752493E-013
        150, 4.12290821111155021E-013
        151, 4.32675952435097257E-013
        152, 4.38654268929026385E-013
        153, 5.04696030189811021E-013
        154, 4.21432618606140851E-013
        155, 3.94156716518273809E-013
        156, 4.25615220552036213E-013
        157, 4.55983848901068991E-013
        158, 4.49378160748910997E-013
        159, 4.65976942738549005E-013
        160, 3.99774038673403086E-013
        161, 4.58553456345657072E-013
        162, 4.53697712184059332E-013
        163, 4.26986238072263258E-013
        164, 4.33278949219276148E-013
        165, 4.17873384109042097E-013
        166, 4.46316854838645762E-013
        167, 4.31116793072064653E-013
        168, 4.52756176271026569E-013
        169, 4.73759469434340787E-013
        170, 4.50936091248143984E-013
        171, 4.34570378484782017E-013
        172, 4.54149191494310506E-013
        173, 4.21781701249382319E-013
        174, 4.49568805589959792E-013
        175, 4.32858510041089645E-013
        176, 4.62026495765530875E-013
        177, 4.69927938644885135E-013
        178, 4.48709964529304458E-013
        179, 4.77379659053818589E-013
        180, 4.16713540672809386E-013
        181, 4.67459254531942823E-013
        182, 4.08575355047495582E-013
        183, 4.54494335244254180E-013
        184, 4.35195305170940033E-013
        185, 4.20768488506523577E-013
        186, 4.23106173371346366E-013
        187, 4.51105333827331578E-013
        188, 4.47114728544039735E-013
        189, 4.77104147076951348E-013
        190, 5.18087131114745394E-013
        191, 4.43554576903169700E-013
        192, 4.22806917776574553E-013
        193, 4.34644090215205861E-013
        194, 4.16553782551840808E-013
        195, 4.27438284788092971E-013
        196, 4.03669426153082763E-013
        197, 4.18759542487565990E-013
        198, 4.53730740989034998E-013
        199, 4.22058477092098449E-013
        200, 4.58205805608965041E-013
        201, 4.80038422381072815E-013
        202, 4.63385961979003643E-013
        203, 4.42062065781309486E-013
        204, 3.98396567022438680E-013
        205, 4.44234540845527202E-013
        206, 4.51442890399755494E-013
        207, 5.02602785443391297E-013
        208, 4.91656232519696686E-013
        209, 4.13651880570660438E-013
        210, 4.52316354496374024E-013
        211, 4.69489228953251757E-013
        212, 4.87692975669696022E-013
        213, 4.27120858960338552E-013
        214, 4.39097326681951251E-013
        215, 4.43091558350015809E-013
        216, 4.82152753045973651E-013
        217, 4.86752778862781603E-013
        218, 4.57203018299297069E-013
        219, 4.87566397680462529E-013
        220, 4.91799102889141921E-013
        221, 4.44173187320367347E-013
        222, 5.11314115476871483E-013
        223, 4.46218498667017359E-013
        224, 4.87892090472412995E-013
        225, 4.62536119221277821E-013
        226, 4.44537567188870877E-013
        227, 5.24532319179554138E-013
        228, 4.85391440827083231E-013
        229, 4.41596751351705511E-013
        230, 4.37202960528089306E-013
        231, 4.92179056202578569E-013
        232, 4.55305635103510254E-013
        233, 4.42107952697555530E-013
        234, 4.49773096621703990E-013
        235, 4.13905792164586577E-013
        236, 4.97478318543201369E-013
        237, 4.85157650767909851E-013
        238, 4.21747974051326061E-013
        239, 4.40527758839754126E-013
        240, 4.70959984168469233E-013
        241, 4.58290641984130574E-013
        242, 5.28441762407196965E-013
        243, 4.24137169200474190E-013
        244, 4.40504259788398128E-013
        245, 4.56384749836740311E-013
        246, 4.83641602818786021E-013
        247, 4.58228289164555659E-013
        248, 4.99592007919778411E-013
        249, 5.15098347750562450E-013
        250, 4.66621341733380269E-013
        251, 4.73346823051837572E-013
        252, 4.64824908369113074E-013
        253, 4.90152592296581433E-013
        254, 4.41360818324227680E-013
        255, 4.84508228981832704E-013
        256, 4.80418936941827145E-013
        257, 4.19314977285479435E-013
        258, 4.65000674691374212E-013
        259, 4.56604902009746768E-013
        260, 4.84530669588619210E-013
        261, 4.73935430915937966E-013
        262, 4.49902733207198634E-013
        263, 4.94458787245449709E-013
        264, 5.21656922205173363E-013
        265, 5.11048069233390965E-013
        266, 4.57372164938641472E-013
        267, 4.75421231534693526E-013
        268, 4.46937820839270481E-013
        269, 4.64036775987705720E-013
        270, 4.59288482987084826E-013
        271, 4.99737910559923155E-013
        272, 4.71561871256279436E-013
        273, 4.57529265019782935E-013
        274, 5.12025502750845690E-013
        275, 5.15106373551109794E-013
        276, 5.49121374154723068E-013
        277, 5.34048852006518703E-013
        278, 4.81518815409336258E-013
        279, 5.06998006380333575E-013
        280, 5.33549300650739397E-013
        281, 4.69106909304054561E-013
        282, 4.97908650896071847E-013
        283, 4.33070914851111867E-013
        284, 4.80772967224518480E-013
        285, 5.27706621105731167E-013
        286, 4.95691624625091101E-013
        287, 4.69757090207279189E-013
        288, 4.90786062881297164E-013
        289, 5.04125684962402265E-013
        290, 5.23163936903705586E-013
        291, 4.73099096312474327E-013
        292, 5.20226918280633299E-013
        293, 4.65410351083903601E-013
        294, 4.82156757686345095E-013
        295, 4.78581210362925532E-013
        296, 5.11481288654798958E-013
        297, 5.09483854585098857E-013
        298, 5.57743111497378523E-013
        299, 4.60004376289550503E-013
        300, 4.94355824262108485E-013
        301, 4.33979667498026141E-013
        302, 4.63355817821518001E-013
        303, 4.82355302864512213E-013
        304, 4.84084271648735038E-013
        305, 4.95894308086004597E-013
        306, 5.10531248320262305E-013
        307, 5.10520235680823912E-013
        308, 5.05736495676261934E-013
        309, 4.84108969036950948E-013
        310, 5.07896577464772678E-013
        311, 4.82648112020034800E-013
        312, 5.26531888110159760E-013
        313, 4.74177134898387493E-013
        314, 5.71166569794496385E-013
        315, 4.75397123656010158E-013
        316, 5.35738966311692392E-013
        317, 5.20210489026458868E-013
        318, 5.52348303849424014E-013
        319, 5.28342172513037354E-013
        320, 5.60405390049244627E-013
        321, 4.97128431986106054E-013
        322, 5.28050244949856978E-013
        323, 5.12953610649764704E-013
        324, 5.26455247333549918E-013
        325, 5.15287654194604891E-013
        326, 4.88042318840270663E-013
        327, 5.41209587296186754E-013
        328, 5.22867032590775132E-013
        329, 4.75848968060727872E-013
        330, 5.10836302145114151E-013
        331, 4.87865830317859979E-013
        332, 5.31928697344201937E-013
        333, 5.19072979981470197E-013
        334, 5.60803884923244157E-013
        335, 5.38485228143963492E-013
        336, 5.16289111103974901E-013
        337, 5.06795529418616637E-013
        338, 5.32865758270814661E-013
        339, 5.74595285092330784E-013
        340, 5.27589868971406929E-013
        341, 5.05065643596836379E-013
        342, 5.28858121930008376E-013
        343, 5.55261078725155396E-013
        344, 5.99220517377789599E-013
        345, 5.66814894451914128E-013
        346, 5.48741862501769176E-013
        347, 5.40029784138491825E-013
        348, 5.10929280191474796E-013
        349, 5.54627000923936829E-013
        350, 5.69902909629918938E-013
        351, 5.26107238937983305E-013
        352, 5.48029675130893105E-013
        353, 4.79809257656451830E-013
        354, 6.18477553547593274E-013
        355, 5.37897785331564700E-013
        356, 5.13660218483257658E-013
        357, 5.43937460619463596E-013
        358, 5.64896297142005894E-013
        359, 5.10052876622144879E-013
        360, 5.39424299430122132E-013
        361, 5.44413857426265780E-013
        362, 5.71909618292318923E-013
        363, 5.45838166950507329E-013
        364, 5.96062570561294568E-013
        365, 4.98357369368024485E-013
        366, 5.66248360884471430E-013
        367, 5.12121915575069409E-013
        368, 5.75940893149872467E-013
        369, 5.76380686226188211E-013
        370, 5.68307654783208531E-013
        371, 6.28814790246243128E-013
        372, 5.44959356278723690E-013
        373, 5.44785887169970781E-013
        374, 5.32157348990642159E-013
        375, 5.32032454143374655E-013
        376, 5.17775857662362602E-013
        377, 4.88347489303618654E-013
        378, 5.46139118090537759E-013
        379, 5.40750054411603332E-013
        380, 5.53729242035541329E-013
        381, 5.76118390955163762E-013
        382, 5.00305130251775797E-013
        383, 6.05178547080970216E-013
        384, 5.06197052633988253E-013
        385, 6.07171756899763327E-013
        386, 5.23943117439130745E-013
        387, 5.65109565739248217E-013
        388, 5.59260283409383911E-013
        389, 5.46250429988938182E-013
        390, 5.11244177090861705E-013
        391, 5.25776175572013287E-013
        392, 5.91532736207593270E-013
        393, 5.49573575691564587E-013
        394, 5.99275239637843168E-013
        395, 5.53579758362913433E-013
        396, 6.01548908501269347E-013
        397, 6.12910105495645836E-013
        398, 5.57704624612268964E-013
        399, 5.53502481614896038E-013
        400, 6.11954044754099868E-013
        401, 5.41822453232263788E-013
        402, 6.06400564281266546E-013
        403, 5.38617082692449722E-013
        404, 5.77326217099465256E-013
        405, 5.51781536264943591E-013
        406, 6.06505457443335271E-013
        407, 6.61356258048218537E-013
        408, 5.50521460521522104E-013
        409, 5.48053690098870400E-013
        410, 5.95051465544497123E-013
        411, 5.58745605945879258E-013
        412, 5.70900698919459096E-013
        413, 4.97465400887715117E-013
        414, 5.99566495975420421E-013
        415, 5.90334431559690386E-013
        416, 5.25452916121745398E-013
        417, 6.67055624736978765E-013
        418, 5.77584138311451977E-013
        419, 5.68401442202325997E-013
        420, 5.98358927984855060E-013
        421, 5.97331775912866361E-013
        422, 5.79478601592250049E-013
        423, 5.57307641586924140E-013
        424, 5.62752005361702986E-013
        425, 6.34405473598463250E-013
        426, 5.10331022866578712E-013
        427, 5.41134772506624156E-013
        428, 5.43582944392564315E-013
        429, 5.44199131021748786E-013
        430, 5.69845559139727399E-013
        431, 5.93454635081305019E-013
        432, 5.87545774434917845E-013
        433, 5.78786125450956095E-013
        434, 5.25055792331583241E-013
        435, 5.79057411214921482E-013
        436, 6.20434013345162508E-013
        437, 6.17697180141900462E-013
        438, 5.17219645538825722E-013
        439, 5.05476416261346889E-013
        440, 5.73103807510037227E-013
        441, 5.63964312845177479E-013
        442, 5.84600734762541158E-013
        443, 5.68989505786158875E-013
        444, 5.56648550073176128E-013
        445, 5.99060381034703619E-013
        446, 5.68954233771498471E-013
        447, 6.12103017264411098E-013
        448, 5.75611548360176327E-013
        449, 6.12151908290002037E-013
        450, 5.35661169638011840E-013
        451, 5.66577274050535736E-013
        452, 5.16718341265803244E-013
        453, 5.51263766385162593E-013
        454, 5.65982871693318462E-013
        455, 5.85791598337723797E-013
        456, 5.27904764432641287E-013
        457, 5.61085796618710307E-013
        458, 5.43277188395410569E-013
        459, 6.30659772029313946E-013
        460, 6.11420859078745067E-013
        461, 6.02385264550540059E-013
        462, 6.78731938651095619E-013
        463, 5.54764651780350778E-013
        464, 5.52997165396587328E-013
        465, 5.17948691286870890E-013
        466, 5.86978830936628523E-013
        467, 5.98719558046670464E-013
        468, 5.87376757405973812E-013
        469, 5.33879263738929474E-013
        470, 6.02332812112098364E-013
        471, 5.75465894612897733E-013
        472, 6.43317745153720592E-013
        473, 6.04186633658183728E-013
        474, 6.05908500348995430E-013
        475, 5.74059210878433911E-013
        476, 6.24670398876371095E-013
        477, 6.69451451994517814E-013
        478, 5.92699870335150294E-013
        479, 5.57497252067207781E-013
        480, 5.83054249336820217E-013
        481, 6.18358660965795481E-013
        482, 5.85297421676229232E-013
        483, 6.35895277399196114E-013
        484, 5.40787400023168100E-013
        485, 5.73969780195751950E-013
        486, 5.75859886597519969E-013
        487, 6.34443412557018535E-013
        488, 5.74489689422494900E-013
        489, 6.34510922986756811E-013
        490, 6.04400669269114916E-013
        491, 5.79103514764945053E-013
        492, 5.27600082119014363E-013
        493, 6.01370119439216902E-013
        494, 5.48832372231302042E-013
        495, 5.61503326490572276E-013
        496, 6.03105954704748593E-013
        497, 6.04274711976288854E-013
        498, 5.92758195797921642E-013
        499, 6.20766394045265540E-013
        500, 6.12107070311856975E-013
        501, 6.31083489758059251E-013
        502, 6.95632965689856666E-013
        503, 6.75813282546961646E-013
        504, 5.89798022641544235E-013
        505, 6.23545436774309658E-013
        506, 5.55948091138307855E-013
        507, 5.59174995315096890E-013
        508, 6.12171780920680157E-013
        509, 6.18962651856144156E-013
        510, 6.00011802492283891E-013
        511, 6.05834270830612176E-013
        512, 6.21854604117051635E-013
        513, 6.44714146337942140E-013
        514, 6.55572962297168989E-013
        515, 5.83378557800947956E-013
        516, 5.70640381178465233E-013
        517, 6.21944156691647349E-013
        518, 5.94842459783222643E-013
        519, 6.03756421750088153E-013
        520, 6.56116535781107939E-013
        521, 6.46450886411461358E-013
        522, 6.28919897596568118E-013
        523, 5.95486936908719615E-013
        524, 5.95772606162653266E-013
        525, 5.78849602149837943E-013
        526, 5.83571997890969490E-013
        527, 6.29271878355289099E-013
        528, 6.04427268799527559E-013
        529, 6.10831241485288580E-013
        530, 6.53777246801793095E-013
        531, 5.44956585366524174E-013
        532, 6.11661866916439980E-013
        533, 6.02481103283716193E-013
        534, 6.05717002689730993E-013
        535, 6.87804267076414902E-013
        536, 6.59695663210186988E-013
        537, 6.37404451425948036E-013
        538, 6.16993365841030459E-013
        539, 6.10309699493250679E-013
        540, 6.25952697667455804E-013
        541, 6.60256513318858382E-013
        542, 5.74170190283095895E-013
        543, 6.05995396833781941E-013
        544, 6.10229203285746437E-013
        545, 6.43664157162482686E-013
        546, 5.96094761300496589E-013
        547, 6.07191070954113085E-013
        548, 6.04351664538403448E-013
        549, 6.30674479296893025E-013
        550, 6.58961768559301913E-013
        551, 6.38840090629069244E-013
        552, 6.14640025866930123E-013
        553, 6.55926163750254839E-013
        554, 6.76603713159375522E-013
        555, 5.71522570316858038E-013
        556, 6.36318677675033945E-013
        557, 5.74493684267955251E-013
        558, 5.88999535730637092E-013
        559, 5.39604655374551909E-013
        560, 5.72796512747047960E-013
        561, 5.92978927275689328E-013
        562, 5.95195449080071688E-013
        563, 6.74316304072643924E-013
        564, 6.09021254348100819E-013
        565, 6.40898155993609221E-013
        566, 5.78441668135710717E-013
        567, 5.92329451862238162E-013
        568, 6.48131966824961602E-013
        569, 6.28296753558117506E-013
        570, 6.31773430660965821E-013
        571, 6.75017688856607066E-013
        572, 6.25958178160428866E-013
        573, 6.38644932769854622E-013
        574, 6.16187683986353348E-013
        575, 5.93720408094395319E-013
        576, 6.14083700727940305E-013
        577, 5.54293765471650697E-013
        578, 6.20445662743752079E-013
        579, 6.45852539542871329E-013
        580, 6.92251361215484821E-013
        581, 5.42339242898983274E-013
        582, 5.57933377518508446E-013
        583, 7.57904428829241160E-013
        584, 5.81345331065676526E-013
        585, 6.07302610803701809E-013
        586, 6.06600910005673195E-013
        587, 6.18056419323617490E-013
        588, 6.37273865455741176E-013
        589, 5.80686499472396722E-013
        590, 6.27749534489125135E-013
        591, 6.29696835581341871E-013
        592, 6.56880203262539820E-013
        593, 6.38061960174839052E-013
        594, 6.60450058173467161E-013
        595, 5.90047232325495459E-013
        596, 5.97597445559703903E-013
        597, 6.36338926534196356E-013
        598, 6.50950780737014749E-013
        599, 5.79952746312778442E-013
        600, 7.12357747322661239E-013
        601, 5.47049620085711562E-013
        602, 6.10394503047038895E-013
        603, 6.47453973558693728E-013
        604, 6.45038564534969849E-013
        605, 5.86976675293986662E-013
        606, 6.48359832214812763E-013
        607, 7.32681854966745527E-013
        608, 6.29417990184808758E-013
        609, 6.04585859572761582E-013
        610, 6.17886916880425145E-013
        611, 5.94301131342223821E-013
        612, 6.22224274221726433E-013
        613, 6.45296756256537304E-013
        614, 6.47045007367521916E-013
        615, 6.24027239457372911E-013
        616, 6.12256497333241051E-013
        617, 6.37761583403574019E-013
        618, 6.02040506536184213E-013
        619, 6.09531561583332947E-013
        620, 6.69012088202927207E-013
        621, 6.10002717612170234E-013
        622, 7.09072128810445298E-013
        623, 6.40318969062121895E-013
        624, 5.98946283487553709E-013
        625, 6.69075845805503772E-013
        626, 6.80973348482548567E-013
        627, 6.21089665354432413E-013
        628, 6.45511233748490101E-013
        629, 6.11264082503972584E-013
        630, 6.70027722833911469E-013
        631, 6.07386659539927606E-013
        632, 6.29944017478607280E-013
        633, 6.52217709137758817E-013
        634, 6.78085956984830602E-013
        635, 5.99682018491711016E-013
        636, 6.46741638253761129E-013
        637, 5.94506192850452981E-013
        638, 6.16931299528177492E-013
        639, 6.25427052960485375E-013
        640, 6.97120922495821758E-013
        641, 6.51658334443165175E-013
        642, 6.77043532840200333E-013
        643, 6.77673157044327329E-013
        644, 6.31282873237814950E-013
        645, 6.95272875001918377E-013
        646, 6.31790286144362796E-013
        647, 5.52140504925921934E-013
        648, 6.45122496186803410E-013
        649, 6.31979626315749999E-013
        650, 6.58764263089074824E-013
        651, 6.13224034826090197E-013
        652, 6.10213574667306005E-013
        653, 6.74139927600644588E-013
        654, 7.17267743760863654E-013
        655, 6.42459123026456182E-013
        656, 6.45227994870153628E-013
        657, 6.14874685801348326E-013
        658, 6.47143746297043644E-013
        659, 6.36456406993234949E-013
        660, 6.46029553424290818E-013
        661, 6.41900622151991381E-013
        662, 6.45591207849947108E-013
        663, 6.45583865462227649E-013
        664, 6.16969725750210092E-013
        665, 6.30947110070045275E-013
        666, 6.73644921300239589E-013
        667, 6.74928796192828678E-013
        668, 6.51353289822238207E-013
        669, 6.51758970901210261E-013
        670, 6.29688598188351487E-013
        671, 6.60691395555093568E-013
        672, 6.23825551821571903E-013
        673, 6.45328372398844745E-013
        674, 6.33831292954367741E-013
        675, 6.47036174052396300E-013
        676, 6.65277438894359945E-013
        677, 6.53571376294429209E-013
        678, 5.94945989120315665E-013
        679, 6.18871190166766122E-013
        680, 6.26955803596554328E-013
        681, 6.38457042230681965E-013
        682, 6.02465095251850458E-013
        683, 6.99700771150292019E-013
        684, 7.13784591231588586E-013
        685, 7.01936504325925730E-013
        686, 6.71576886040230563E-013
        687, 6.65270681514043323E-013
        688, 6.19552333126900329E-013
        689, 6.64421064924868876E-013
        690, 6.62980919968222668E-013
        691, 6.82254472413821940E-013
        692, 6.72540988518103677E-013
        693, 5.90222590338042306E-013
        694, 5.96804918118591545E-013
        695, 6.11673330372615383E-013
        696, 7.24431705732485082E-013
        697, 6.12402550329447654E-013
        698, 6.59403726228583865E-013
        699, 6.00111860237238366E-013
        700, 6.99385713244912049E-013
        701, 6.85838064051592340E-013
        702, 6.58115230736025289E-013
        703, 6.80185568796459358E-013
        704, 6.38369744923104969E-013
        705, 6.81788055453524181E-013
        706, 6.19831606638252865E-013
        707, 6.59073399929162746E-013
        708, 6.79917246711722929E-013
        709, 5.87125356630819422E-013
        710, 6.41489373449611974E-013
        711, 6.32185836590460871E-013
        712, 7.27504685459653965E-013
        713, 6.83127513986097337E-013
        714, 6.93979224220884412E-013
        715, 8.29981487543620665E-013
        716, 5.58774223174244636E-013
        717, 6.84837960154367484E-013
        718, 6.86152028981249083E-013
        719, 6.42428550604784331E-013
        720, 6.65822889390751749E-013
        721, 7.08514563619890554E-013
        722, 6.21783404560814844E-013
        723, 7.41946011595347041E-013
        724, 7.09071773799408674E-013
        725, 6.64273556996454357E-013
        726, 6.77942751475043886E-013
        727, 6.52264958087549442E-013
        728, 6.09561842309286576E-013
        729, 7.14330917986954129E-013
        730, 7.93476412028220503E-013
        731, 6.54935521221460142E-013
        732, 6.62851638186446195E-013
        733, 6.76395165485409396E-013
        734, 6.71596749085925163E-013
        735, 6.68740952374533504E-013
        736, 6.78336182463735918E-013
        737, 6.77975258196448063E-013
        738, 7.07350853139973966E-013
        739, 7.41081612263292282E-013
        740, 7.62710369946464451E-013
        741, 6.93614978770848078E-013
        742, 7.06244270102507316E-013
        743, 6.95640357664559078E-013
        744, 7.60365597630061008E-013
        745, 6.91937487124898070E-013
        746, 6.40634607214241169E-013
        747, 6.69451729655093926E-013
        748, 6.65255279272610950E-013
        749, 7.19719987512821582E-013
        750, 6.78214572053486945E-013
        751, 6.99274901805649257E-013
        752, 6.62716627309551680E-013
        753, 6.96169100829955219E-013
        754, 7.03159945117138785E-013
        755, 7.43032907315182424E-013
        756, 6.58043313900303469E-013
        757, 6.91264017455043826E-013
        758, 6.90200327671002360E-013
        759, 6.77541364802765547E-013
        760, 7.21755385440095516E-013
        761, 6.79182030780017323E-013
        762, 6.76348671101478571E-013
        763, 7.10127589614793708E-013
        764, 6.58550163602670984E-013
        765, 6.67703210760607808E-013
        766, 6.86290343524419298E-013
        767, 7.49655014563387404E-013
        768, 7.24343810328499129E-013
        769, 8.08327149027034581E-013
        770, 7.31461674105399273E-013
        771, 7.78456386741717344E-013
        772, 7.74673716440107021E-013
        773, 7.03675439174728304E-013
        774, 6.96045465925387283E-013
        775, 6.99795857590647362E-013
        776, 6.97926673147092138E-013
        777, 7.33675382252415796E-013
        778, 7.57746119045589194E-013
        779, 7.49925514053756545E-013
        780, 7.44895978138963709E-013
        781, 8.16061140681254250E-013
        782, 8.07826973080342073E-013
        783, 8.05201678118439001E-013
        784, 7.84068503942709591E-013
        785, 7.50628917563078201E-013
        786, 7.72901147675844345E-013
        787, 8.20972530422521647E-013
        788, 7.35136713304642522E-013
        789, 7.29528827056398923E-013
        790, 7.30306312557997899E-013
        791, 7.56681575602247226E-013
        792, 7.17330918559332101E-013
        793, 7.53291531387674670E-013
        794, 8.68523872293586542E-013
        795, 7.83731535819901071E-013
        796, 8.19272361621356730E-013
        797, 7.48579082354204230E-013
        798, 7.44177500283514273E-013
        799, 8.21521342768825040E-013
        800, 7.40297234077574352E-013
        801, 8.21397555198580454E-013
        802, 8.88264235091027424E-013
        803, 8.24110748151457256E-013
        804, 8.35975226069273627E-013
        805, 8.27299563797040474E-013
        806, 7.82019660996262529E-013
        807, 8.25083623820045967E-013
        808, 8.44792866140105437E-013
        809, 8.37425927630081208E-013
        810, 8.83343806109915092E-013
        811, 7.81357753700886768E-013
        812, 8.29920799015058636E-013
        813, 8.75865259435677285E-013
        814, 7.10373156941823123E-013
        815, 8.28514578458044087E-013
        816, 7.81091200419411209E-013
        817, 8.45382533601852323E-013
        818, 8.52646647779179889E-013
        819, 7.43674260061437968E-013
        820, 9.56306306882133888E-013
        821, 7.49181591772434466E-013
        822, 8.03937883611483816E-013
        823, 8.87898462545896108E-013
        824, 8.21495684945527144E-013
        825, 8.33967099168487465E-013
        826, 8.26837066723241258E-013
        827, 8.10846704600613006E-013
        828, 7.90386415936213355E-013
        829, 9.74937580698685435E-013
        830, 9.43134250439723307E-013
        831, 8.56928445538828840E-013
        832, 8.78252701734363648E-013
        833, 8.59518602540933402E-013
        834, 8.54160718498628151E-013
        835, 9.11275644524906918E-013
        836, 8.38367088693795225E-013
        837, 8.36643959250513681E-013
        838, 8.74912856548645308E-013
        839, 1.02312780623415942E-012
        840, 9.29847535340656434E-013
        841, 8.48573170843555457E-013
        842, 9.66071761859656738E-013
        843, 9.75779840258066353E-013
        844, 9.40443671901440072E-013
        845, 9.65345531777502494E-013
        846, 9.59451712313074443E-013
        847, 8.60045538810473209E-013
        848, 9.59926265681851598E-013
        849, 8.74144627898032318E-013
        850, 9.15128965177080959E-013
        851, 9.43619733158237433E-013
        852, 1.01873401517969212E-012
        853, 8.14607804582804092E-013
        854, 8.84358803334723401E-013
        855, 7.75216214677626812E-013
        856, 1.08887197954863460E-012
        857, 1.03112248284389765E-012
        858, 1.06487533672217652E-012
        859, 8.94599059407112831E-013
        860, 8.76545879382251301E-013
        861, 1.00283750417552672E-012
        862, 8.74240079954140150E-013
        863, 8.33895546288658158E-013
        864, 9.89286952988001923E-013
        865, 9.47325669409837176E-013
        866, 9.48639722938984313E-013
        867, 1.00229864821836313E-012
        868, 7.99849739901066635E-013
        869, 9.91928935460942020E-013
        870, 1.03358256767422152E-012
        871, 9.27735717904881317E-013
        872, 9.83708603538169201E-013
        873, 9.40685438826081891E-013
        874, 1.10102565526796710E-012
        875, 9.92716692057150587E-013
        876, 1.06198577458991207E-012
        877, 1.07005252868848853E-012
        878, 1.03012676397227499E-012
        879, 9.71265916924317500E-013
        880, 1.06294686060686170E-012
        881, 1.03217341280627512E-012
        882, 9.87555348149094751E-013
        883, 9.06271078268900095E-013
        884, 1.10439359053618275E-012
        885, 9.38962509302965619E-013
        886, 8.89092756084001933E-013
        887, 8.48061131089110008E-013
        888, 1.04597068464343700E-012
        889, 8.58552558443933071E-013
        890, 9.79473712389305006E-013
        891, 1.04040863240849737E-012
        892, 1.24488610683154062E-012
        893, 9.34404587665241807E-013
        894, 9.59301418683566424E-013
        895, 1.09404902674642446E-012
        896, 1.13063745683209530E-012
        897, 9.72985163477089440E-013
        898, 1.04012644677761402E-012
        899, 9.51551664573423798E-013
        900, 1.03766375792857705E-012
        901, 1.06744502626702564E-012
        902, 1.15768160648653598E-012
        903, 1.12543188080276333E-012
        904, 9.24823662832479739E-013
        905, 9.32787985500319098E-013
        906, 8.62320511009610871E-013
        907, 1.01556031081641497E-012
        908, 1.09780693302434199E-012
        909, 9.75837040053496571E-013
        910, 8.78243144686692883E-013
        911, 8.79291164567872314E-013
        912, 1.00584249025557985E-012
        913, 8.51083422422976561E-013
        914, 1.13705109886685699E-012
        915, 1.06832751032481057E-012
        916, 1.06900807250798088E-012
        917, 9.11290517268680419E-013
        918, 9.99405855955126581E-013
        919, 9.49338335082753200E-013
        920, 9.64844376992821739E-013
        921, 9.88258719155181720E-013
        922, 9.89972129271380632E-013
        923, 1.03107880695976318E-012
        924, 1.07100058579469357E-012
        925, 9.83473402296651817E-013
        926, 9.25833984054753150E-013
        927, 1.02357474834462031E-012
        928, 9.15329284009075966E-013
        929, 9.99051480239187630E-013
        930, 1.05770330763073117E-012
        931, 1.21435476024242266E-012
        932, 9.38801361739031982E-013
        933, 1.03123403435368561E-012
        934, 9.39266849274654181E-013
        935, 1.05774618175851355E-012
        936, 1.04687251328785237E-012
        937, 9.78730953164784495E-013
        938, 1.23551773842795334E-012
        939, 1.00010744042788191E-012
        940, 9.63565131744656550E-013
        941, 1.10396420321252825E-012
        942, 1.20681053183989720E-012
        943, 1.26948121902976361E-012
        944, 1.13289623478324907E-012
        945, 1.07260467198206442E-012
        946, 1.07369599127583884E-012
        947, 1.02982917956578434E-012
        948, 9.88191887240127288E-013
        949, 1.18798621419002925E-012
        950, 1.10020368040344709E-012
        951, 1.06098156370817229E-012
        952, 1.09426791594083421E-012
        953, 1.03742335815625908E-012
        954, 1.06385345667267812E-012
        955, 9.80319060277115148E-013
        956, 1.21674186749681106E-012
        957, 1.01788311508030619E-012
        958, 1.12626842067527651E-012
        959, 9.06083796668262284E-013
        960, 1.20183651416311111E-012
        961, 1.06025582912209684E-012
        962, 1.14551132088008215E-012
        963, 9.72367649910041768E-013
        964, 1.05399924072838548E-012
        965, 1.07241796348822297E-012
        966, 1.13604596785467179E-012
        967, 1.20993484852916286E-012
        968, 1.07894928619194427E-012
        969, 1.18673538422506979E-012
        970, 1.12969029895546211E-012
        971, 1.14241931097815236E-012
        972, 1.19983065658180497E-012
        973, 1.09638261248165472E-012
        974, 1.18966108845172039E-012
        975, 1.11167134154749795E-012
        976, 1.19602671918207144E-012
        977, 1.20044393268343709E-012
        978, 1.24978314276915802E-012
        979, 1.24432063974161368E-012
        980, 1.15890172458810790E-012
        981, 1.21343030140339509E-012
        982, 1.23460707588683441E-012
        983, 1.07108600082003058E-012
        984, 1.21612297748804273E-012
        985, 1.25339524399099407E-012
        986, 1.03505602348548113E-012
        987, 1.27462735904702509E-012
        988, 1.21889195297175882E-012
        989, 1.15408372892721848E-012
        990, 1.36939410286856929E-012
        991, 1.21247721888355666E-012
        992, 1.11053490702027248E-012
        993, 1.31287548747141095E-012
        994, 1.34256658954617630E-012
        995, 1.31908574221494721E-012
        996, 1.16607795697677858E-012
        997, 1.61491209478690344E-012
        998, 1.41873127969245211E-012
        999, 1.42483106891765504E-012
       1000, 1.09463686329911087E-012
       1001, 1.24732583536969924E-012
       1002, 1.35972366183569973E-012
       1003, 1.12680021872101912E-012
       1004, 1.37538489336817611E-012
       1005, 1.33029460512615277E-012
       1006, 1.32485460945075941E-012
       1007, 1.42706756308215653E-012
       1008, 1.48525221632221665E-012
       1009, 1.19901152342167217E-012
       1010, 1.53108278941527145E-012
       1011, 1.53438453020881343E-012
       1012, 1.50384133455934621E-012
       1013, 1.34337943211224749E-012
       1014, 1.59179216029108674E-012
       1015, 1.46279380211476240E-012
       1016, 1.72587977978113482E-012
       1017, 1.62012146626380447E-012
       1018, 1.32349481169684337E-012
       1019, 1.63333445673433446E-012
       1020, 1.88204074477681806E-012
       1021, 1.66558911447048161E-012
       1022, 2.09906386201019028E-012
       1023, 1.63053732570429290E-012
       1024, 1.85160597325636761E-012
       1025, 3.36602741676320524E-013
       1026, 3.99779351124744971E-013
       1027, 3.75981878943943797E-013
       1028, 3.67969904633528375E-013
       1029, 4.04485498067449467E-013
       1030, 3.68726155019158114E-013
       1031, 3.92406029935901138E-013
       1032, 3.71624988370516654E-013
       1033, 3.54109898495477298E-013
       1034, 4.15142085415376296E-013
       1035, 3.72774028789572564E-013
       1036, 4.02186442472416154E-013
       1037, 3.85445164304444749E-013
       1038, 3.89217309502958685E-013
       1039, 4.05115737442566087E-013
       1040, 4.21010679685063774E-013
       1041, 4.01617469164845175E-013
       1042, 3.58570699179412150E-013
       1043, 3.62699172789140232E-013
       1044, 4.06456476528783961E-013
       1045, 3.66105780321624139E-013
       1046, 3.94178163576175499E-013
       1047, 4.06622874377631742E-013
       1048, 3.56822035155048131E-013
       1049, 3.55773238135517007E-013
       1050, 4.01910647700094355E-013
       1051, 4.24037492452867149E-013
       1052, 3.68877254630586520E-013
       1053, 4.05578801002394206E-013
       1054, 4.02774812991089224E-013
       1055, 4.07744794893048979E-013
       1056, 3.66750206092316924E-013
       1057, 3.77371473889023665E-013
       1058, 4.32256204639307741E-013
       1059, 3.90011633739038065E-013
       1060, 4.06487108756741577E-013
       1061, 3.77201584234330125E-013
       1062, 4.03472877266596593E-013
       1063, 4.17416008514439107E-013
       1064, 4.15836820277696775E-013
       1065, 3.64993622205107631E-013
       1066, 3.80339396119219734E-013
       1067, 4.00943533231388095E-013
       1068, 3.50483976048712858E-013
       1069, 3.63762285913691864E-013
       1070, 3.72280846383014983E-013
       1071, 3.93082630696399713E-013
       1072, 3.95823456204570598E-013
       1073, 3.78543300283992155E-013
       1074, 4.18769682113770844E-013
       1075, 4.06140790078794402E-013
       1076, 4.19592327728018195E-013
       1077, 4.05392041141658827E-013
       1078, 4.14892365243565900E-013
       1079, 4.11406431860603302E-013
       1080, 4.24341830658246515E-013
       1081, 3.93245349472179108E-013
       1082, 4.53815798368330482E-013
       1083, 3.82411168835412357E-013
       1084, 3.91848153945492623E-013
       1085, 3.90996611208823533E-013
       1086, 3.89648729899850586E-013
       1087, 4.11579705506976716E-013
       1088, 3.76139685105661267E-013
       1089, 4.26673764739259495E-013
       1090, 4.02561437933688841E-013
       1091, 4.14096269273299719E-013
       1092, 4.36127622011027763E-013
       1093, 3.79788709817138996E-013
       1094, 4.30476365015669975E-013
       1095, 4.25801348056405799E-013
       1096, 3.64367731292536485E-013
       1097, 3.51282090202646384E-013
       1098, 4.19639382190580101E-013
       1099, 3.84290581523044731E-013
       1100, 3.68531501703228246E-013
       1101, 4.11479268914251858E-013
       1102, 3.59879648868923487E-013
       1103, 4.40115513616388159E-013
       1104, 3.76847052593978542E-013
       1105, 4.09051731359104132E-013
       1106, 4.05862528493156305E-013
       1107, 4.36091922780093172E-013
       1108, 4.04308033474174309E-013
       1109, 4.69984841973900601E-013
       1110, 3.69702741082134769E-013
       1111, 3.62283947378990993E-013
       1112, 3.77141512547020564E-013
       1113, 3.70377650170268787E-013
       1114, 4.10068266300488539E-013
       1115, 4.01502709368022183E-013
       1116, 3.99992204659613306E-013
       1117, 4.54293688319595819E-013
       1118, 4.03427261099024698E-013
       1119, 4.00258639281222351E-013
       1120, 4.12028146363856406E-013
       1121, 3.92138111732584251E-013
       1122, 4.06242852634879962E-013
       1123, 4.09399641826474283E-013
       1124, 4.29045104803117803E-013
       1125, 4.58215360759353890E-013
       1126, 4.04764392455337937E-013
       1127, 3.86866579348358262E-013
       1128, 3.63465080932432976E-013
       1129, 3.58432152392479010E-013
       1130, 4.03096405269278191E-013
       1131, 4.55570446162364921E-013
       1132, 3.89692479367098876E-013
       1133, 4.19636490911304518E-013
       1134, 4.30346549373692310E-013
       1135, 3.88615448195415488E-013
       1136, 4.04976283891826641E-013
       1137, 4.50360860679865504E-013
       1138, 3.91067431315049344E-013
       1139, 3.87411397442018235E-013
       1140, 3.96144532206367561E-013
       1141, 4.03424281540016277E-013
       1142, 4.26090529015365122E-013
       1143, 4.35781702634514825E-013
       1144, 4.49163883163403351E-013
       1145, 4.34741356665081341E-013
       1146, 4.50577326837295626E-013
       1147, 4.17464638622525916E-013
       1148, 4.35442271833695858E-013
       1149, 4.54147309925082176E-013
       1150, 4.23767804911594826E-013
       1151, 4.40684522228458387E-013
       1152, 3.64105561733476216E-013
       1153, 4.29941617803747192E-013
       1154, 4.24067767179396470E-013
       1155, 4.27993003889053458E-013
       1156, 4.13054211142117694E-013
       1157, 4.03108034824075630E-013
       1158, 4.00667561443737669E-013
       1159, 4.18728589882555638E-013
       1160, 4.05399917926690610E-013
       1161, 4.61827222909211211E-013
       1162, 4.18012639079624478E-013
       1163, 4.35108757018585832E-013
       1164, 4.44087825790422356E-013
       1165, 4.08197036049018702E-013
       1166, 4.39360693448559314E-013
       1167, 4.33995240918729339E-013
       1168, 4.14544185687343055E-013
       1169, 4.52967802577259498E-013
       1170, 3.70329071715617349E-013
       1171, 4.10524626956503025E-013
       1172, 4.41824192811101565E-013
       1173, 3.68380864507793715E-013
       1174, 4.18519509905116586E-013
       1175, 4.18683111069173399E-013
       1176, 4.46695154313403160E-013
       1177, 4.49805664616226890E-013
       1178, 4.32283042540130862E-013
       1179, 5.04176102263912102E-013
       1180, 4.55607720168670902E-013
       1181, 4.59662443246464081E-013
       1182, 4.25572274688260370E-013
       1183, 4.62588334659600011E-013
       1184, 4.67191083532240353E-013
       1185, 4.58528511053764380E-013
       1186, 4.12258902340848456E-013
       1187, 4.06368731982606049E-013
       1188, 4.24139396487383491E-013
       1189, 4.30497425884025259E-013
       1190, 4.08314060608885816E-013
       1191, 4.47518659353189906E-013
       1192, 4.88814097312389779E-013
       1193, 4.09481085391015695E-013
       1194, 4.33792108048732683E-013
       1195, 4.26312767563151332E-013
       1196, 4.72016337958303446E-013
       1197, 4.58739316691224431E-013
       1198, 4.60054756398003900E-013
       1199, 4.83141675290804833E-013
       1200, 4.59413415240857113E-013
       1201, 4.46212149236993339E-013
       1202, 4.18997912047934727E-013
       1203, 4.46822285910084966E-013
       1204, 4.09386325025819137E-013
       1205, 4.17682871462418714E-013
       1206, 4.66575132562269367E-013
       1207, 4.59359143517977438E-013
       1208, 4.37320522175608609E-013
       1209, 4.68453124574848224E-013
       1210, 4.33778221176814002E-013
       1211, 4.84909005393363026E-013
       1212, 4.57565335049067553E-013
       1213, 4.08740146055014321E-013
       1214, 4.31272718554919160E-013
       1215, 4.66589170350819616E-013
       1216, 4.22077818944806596E-013
       1217, 4.35865627718531798E-013
       1218, 4.58303285164462968E-013
       1219, 4.47854400976203905E-013
       1220, 4.37072526753659217E-013
       1221, 4.53941214865466320E-013
       1222, 4.66622140513003975E-013
       1223, 4.12789775780664398E-013
       1224, 4.72825006608174618E-013
       1225, 4.55202563613656911E-013
       1226, 4.86284889885860727E-013
       1227, 4.49648695258526780E-013
       1228, 4.49485967101076671E-013
       1229, 4.87672160317860605E-013
       1230, 4.67778001359599987E-013
       1231, 4.80931573530785921E-013
       1232, 4.21568277456842089E-013
       1233, 4.48338307004044162E-013
       1234, 4.58607035241594281E-013
       1235, 4.68088607069926607E-013
       1236, 4.76618179503724189E-013
       1237, 4.98541929167513555E-013
       1238, 4.59010015672256720E-013
       1239, 4.32246643143036871E-013
       1240, 4.61525975617524408E-013
       1241, 4.22347396970202586E-013
       1242, 5.30350030310787684E-013
       1243, 4.85916836623159981E-013
       1244, 4.89371763847252421E-013
       1245, 4.84541632879798753E-013
       1246, 4.71510592701906342E-013
       1247, 4.56421941492830499E-013
       1248, 4.72590653012920745E-013
       1249, 4.55090753528137117E-013
       1250, 4.86491603802605412E-013
       1251, 4.94485115740264825E-013
       1252, 4.77560047725116460E-013
       1253, 4.68680642856589954E-013
       1254, 4.23967772573044245E-013
       1255, 4.72511848507014049E-013
       1256, 4.92042135926353825E-013
       1257, 4.37542612976383145E-013
       1258, 4.45735205993258048E-013
       1259, 4.64810910112366827E-013
       1260, 4.66716935886939244E-013
       1261, 4.62720298870056584E-013
       1262, 4.81693404876220203E-013
       1263, 5.09859514491840648E-013
       1264, 5.01224438876024840E-013
       1265, 4.73752304712220546E-013
       1266, 4.91681196036572342E-013
       1267, 4.48425605517933371E-013
       1268, 4.32383201360046032E-013
       1269, 4.68141659232176050E-013
       1270, 4.42426673693349036E-013
       1271, 4.42313144293941185E-013
       1272, 4.73144190268341709E-013
       1273, 4.50441767911499532E-013
       1274, 4.48759845842461865E-013
       1275, 4.56627318209218670E-013
       1276, 4.56117547689441584E-013
       1277, 4.33666482386077336E-013
       1278, 4.69787909837694931E-013
       1279, 4.48104930890017852E-013
       1280, 4.76420728988066054E-013
       1281, 4.70081795677885153E-013
       1282, 5.06538447917405387E-013
       1283, 5.26658598218731981E-013
       1284, 4.56331411357368571E-013
       1285, 4.40477990457185085E-013
       1286, 4.63952305871525061E-013
       1287, 4.90099337355790191E-013
       1288, 4.59530189312168110E-013
       1289, 4.64160197259508451E-013
       1290, 5.42658088973320589E-013
       1291, 4.72919397737743849E-013
       1292, 4.86562527074071115E-013
       1293, 5.23272002231574051E-013
       1294, 4.66375877864390368E-013
       1295, 5.24315137641059085E-013
       1296, 5.13133023900066764E-013
       1297, 4.75680533083302699E-013
       1298, 4.47134386159493629E-013
       1299, 4.65806017504130930E-013
       1300, 5.23839174159363814E-013
       1301, 5.41254654237162005E-013
       1302, 4.72438802565656037E-013
       1303, 4.89768033553314018E-013
       1304, 4.52711016799751644E-013
       1305, 4.57088707332164877E-013
       1306, 4.53665982633315562E-013
       1307, 4.81740349460181069E-013
       1308, 4.78431373912674415E-013
       1309, 5.01685578914347326E-013
       1310, 5.12512161406338529E-013
       1311, 4.59333468224836747E-013
       1312, 4.80554238773641584E-013
       1313, 4.69602716815008657E-013
       1314, 4.94563103357439205E-013
       1315, 4.52986289442516235E-013
       1316, 4.77523934384018428E-013
       1317, 4.73043732038801840E-013
       1318, 4.74617676224584979E-013
       1319, 4.55611602547412384E-013
       1320, 4.88745081494337360E-013
       1321, 5.67716441918928778E-013
       1322, 5.24503287589763350E-013
       1323, 5.04596195465895824E-013
       1324, 4.61325958991865636E-013
       1325, 5.22608302636556878E-013
       1326, 4.70655796922694387E-013
       1327, 4.74412489343621722E-013
       1328, 5.34773705675314928E-013
       1329, 4.91077058067725944E-013
       1330, 5.18234130640660073E-013
       1331, 5.08232065927440261E-013
       1332, 5.49617493943424657E-013
       1333, 5.34264257082896076E-013
       1334, 5.32190865507821841E-013
       1335, 4.36158049612514418E-013
       1336, 5.04579230434153758E-013
       1337, 4.99622191583716767E-013
       1338, 5.52862766243502099E-013
       1339, 5.76502012945003346E-013
       1340, 5.07499272092240118E-013
       1341, 5.20323688953802093E-013
       1342, 5.06368608241677740E-013
       1343, 4.57709113824779196E-013
       1344, 5.15415642529079142E-013
       1345, 5.41663208493627719E-013
       1346, 4.76104327394461119E-013
       1347, 5.51238096163408077E-013
       1348, 5.38229889392546181E-013
       1349, 4.99826067184800963E-013
       1350, 5.18946411871734185E-013
       1351, 5.42220356926018192E-013
       1352, 4.73230023170518428E-013
       1353, 4.65965646040021346E-013
       1354, 4.98802282660597560E-013
       1355, 5.39682583442665320E-013
       1356, 5.18899729063120845E-013
       1357, 5.04879462045995941E-013
       1358, 4.64993540963169292E-013
       1359, 4.71120119637850134E-013
       1360, 5.10750283632452003E-013
       1361, 5.02742894333484935E-013
       1362, 4.83139504356850975E-013
       1363, 5.26493874019029252E-013
       1364, 5.73248601486655612E-013
       1365, 5.42538857550277410E-013
       1366, 5.67425024072854219E-013
       1367, 5.57195295198384971E-013
       1368, 4.82362113903064204E-013
       1369, 5.16603920435478625E-013
       1370, 5.54740132907051372E-013
       1371, 4.77459099601560521E-013
       1372, 5.28861816959356599E-013
       1373, 5.44329301065531478E-013
       1374, 5.31975696779734846E-013
       1375, 5.21531741009968762E-013
       1376, 5.25275084006337505E-013
       1377, 5.01980037859451344E-013
       1378, 5.41155281592652087E-013
       1379, 5.17413928034789511E-013
       1380, 5.37819516109957906E-013
       1381, 5.16549828600751593E-013
       1382, 5.63166720851954831E-013
       1383, 5.55399124127049840E-013
       1384, 5.40467342986975261E-013
       1385, 5.25890007387000341E-013
       1386, 5.26863837057392368E-013
       1387, 5.57160507198271201E-013
       1388, 5.85466249130614581E-013
       1389, 5.58702566638560196E-013
       1390, 5.90435354878966615E-013
       1391, 5.72934823047395555E-013
       1392, 5.59760657126593249E-013
       1393, 5.36843419920250356E-013
       1394, 5.34009265681656968E-013
       1395, 6.09367049172005304E-013
       1396, 5.19111643881447639E-013
       1397, 5.25762267784229850E-013
       1398, 5.81947935782109224E-013
       1399, 5.11179384758712241E-013
       1400, 5.67764931408478309E-013
       1401, 5.12347497669548784E-013
       1402, 5.37939390662484731E-013
       1403, 5.80861672292843306E-013
       1404, 5.46338526326400702E-013
       1405, 5.46063729438196811E-013
       1406, 5.23357876694017011E-013
       1407, 5.71146238015226988E-013
       1408, 5.43855651976663467E-013
       1409, 4.71195430547898789E-013
       1410, 5.94678546000105057E-013
       1411, 5.95486384550730293E-013
       1412, 5.14845488161734991E-013
       1413, 5.83007617660379370E-013
       1414, 5.92438999345827036E-013
       1415, 5.84398163676419118E-013
       1416, 5.33424615453406877E-013
       1417, 5.90084575718894331E-013
       1418, 5.25188931883307325E-013
       1419, 5.48565133047118009E-013
       1420, 5.81952347087494844E-013
       1421, 5.61894885447647302E-013
       1422, 5.37351311779337852E-013
       1423, 5.78977559845865119E-013
       1424, 5.94911509229370167E-013
       1425, 5.62175354562809013E-013
       1426, 5.60555518010902434E-013
       1427, 5.69170389738057315E-013
       1428, 5.36554640341382996E-013
       1429, 5.54013347446304622E-013
       1430, 6.48236750920842676E-013
       1431, 5.84999705190607579E-013
       1432, 5.92658659386171739E-013
       1433, 5.97208743163362963E-013
       1434, 5.65870824697248526E-013
       1435, 5.66212589878343026E-013
       1436, 5.83259555058362748E-013
       1437, 6.08807393167695765E-013
       1438, 6.05411812069781847E-013
       1439, 6.20285324217574486E-013
       1440, 5.80658684416902796E-013
       1441, 5.39931521825030367E-013
       1442, 5.73849463118561175E-013
       1443, 5.81541503859157047E-013
       1444, 5.92161207858267982E-013
       1445, 5.46504849515354775E-013
       1446, 6.37096487907272425E-013
       1447, 6.23997176577432370E-013
       1448, 6.05729742208683061E-013
       1449, 5.39552304033336073E-013
       1450, 5.57110058140135032E-013
       1451, 5.74758737008206739E-013
       1452, 5.73514545860313382E-013
       1453, 5.97816331189209368E-013
       1454, 5.21012978176843001E-013
       1455, 6.07356380901151299E-013
       1456, 5.68253306094638898E-013
       1457, 5.34979849975523171E-013
       1458, 5.45186403297767017E-013
       1459, 5.18862257579724906E-013
       1460, 5.69211915622308281E-013
       1461, 5.50855552240332450E-013
       1462, 5.71986767837008913E-013
       1463, 6.01366030615121838E-013
       1464, 5.82461700193217957E-013
       1465, 6.25286811361526475E-013
       1466, 6.18080070183067255E-013
       1467, 6.09699878407101453E-013
       1468, 5.60514650484195867E-013
       1469, 5.78257314667502461E-013
       1470, 5.87407778064096957E-013
       1471, 6.31336355506908103E-013
       1472, 5.48565736812005064E-013
       1473, 6.15384472772776222E-013
       1474, 5.97163278579839806E-013
       1475, 5.49129945662933393E-013
       1476, 6.21308417586220594E-013
       1477, 5.68936968578177223E-013
       1478, 5.74903021775263174E-013
       1479, 5.80138723972026303E-013
       1480, 5.59915930862313286E-013
       1481, 5.46030540557979848E-013
       1482, 5.62095562852169279E-013
       1483, 5.89879223031958259E-013
       1484, 5.59753615304436190E-013
       1485, 5.89322143775254336E-013
       1486, 5.56409221957281958E-013
       1487, 5.97879776659117054E-013
       1488, 5.59257661483250882E-013
       1489, 6.25763187121429437E-013
       1490, 5.93219818973832698E-013
       1491, 5.79894101378809723E-013
       1492, 5.92259528857687216E-013
       1493, 7.27404874844075240E-013
       1494, 6.07090282425449148E-013
       1495, 5.35206008995327953E-013
       1496, 6.61608854639467928E-013
       1497, 5.35280088312928778E-013
       1498, 5.91912182815349337E-013
       1499, 5.22998119056168320E-013
       1500, 5.45442874993050138E-013
       1501, 4.91899716586694894E-013
       1502, 5.91901259171320862E-013
       1503, 6.21651116842861206E-013
       1504, 6.31029441543659769E-013
       1505, 6.11824699060130366E-013
       1506, 5.61650299632564601E-013
       1507, 6.04130028838677930E-013
       1508, 5.58091173757696666E-013
       1509, 5.47569376511927429E-013
       1510, 5.48677151048399739E-013
       1511, 5.82985268417345074E-013
       1512, 5.86513600756767923E-013
       1513, 5.95183039460180491E-013
       1514, 5.65528034918997360E-013
       1515, 5.85082201943766422E-013
       1516, 5.76531917636806711E-013
       1517, 5.95912073663983069E-013
       1518, 6.40726025022767323E-013
       1519, 6.19086381012024390E-013
       1520, 5.29870072696517358E-013
       1521, 5.48789296218064330E-013
       1522, 5.53808582549607905E-013
       1523, 4.97456739339258728E-013
       1524, 6.22707974038856035E-013
       1525, 5.63182902258170748E-013
       1526, 5.98981656590677632E-013
       1527, 6.40405871873650414E-013
       1528, 5.90465145813295138E-013
       1529, 5.28249599532048385E-013
       1530, 6.02961876928200477E-013
       1531, 6.74549088068576475E-013
       1532, 5.83770738595029073E-013
       1533, 5.78694714829877510E-013
       1534, 6.03994100494205053E-013
       1535, 6.39429042991669941E-013
       1536, 6.03647891109733546E-013
       1537, 6.48028907447308789E-013
       1538, 6.60363852030465696E-013
       1539, 6.23797643613184893E-013
       1540, 5.47826317192294905E-013
       1541, 6.07069479813335769E-013
       1542, 6.34958452435777976E-013
       1543, 6.30037810054000432E-013
       1544, 6.17756560924227113E-013
       1545, 6.19073475481347115E-013
       1546, 5.97028393613336589E-013
       1547, 6.37913652048863210E-013
       1548, 6.23709181018306334E-013
       1549, 6.05710236776863084E-013
       1550, 6.26275524115115133E-013
       1551, 5.96900525996111564E-013
       1552, 6.24785812207621453E-013
       1553, 6.37421177421879513E-013
       1554, 6.58935086937218410E-013
       1555, 5.73738050368654287E-013
       1556, 6.24209210258277101E-013
       1557, 5.95421546250236588E-013
       1558, 6.12438578263638733E-013
       1559, 6.07849353455958689E-013
       1560, 5.46462423687454666E-013
       1561, 5.91522638363555452E-013
       1562, 5.72204487617003335E-013
       1563, 5.85086501303874826E-013
       1564, 6.00391186712757921E-013
       1565, 6.70823590973432583E-013
       1566, 6.05576895788969670E-013
       1567, 5.65185618966603921E-013
       1568, 6.33030221355923472E-013
       1569, 6.09479799148429302E-013
       1570, 7.00501235948144246E-013
       1571, 6.52661557700137034E-013
       1572, 6.22208660109070050E-013
       1573, 6.10643323902597507E-013
       1574, 6.04886771864281604E-013
       1575, 6.41509246279160690E-013
       1576, 5.98078030385484064E-013
       1577, 6.44684628471714573E-013
       1578, 6.22800988294433869E-013
       1579, 6.00548365092244862E-013
       1580, 6.75059400251594284E-013
       1581, 5.98400306622603093E-013
       1582, 6.36622419584306311E-013
       1583, 6.38565516129621685E-013
       1584, 6.20955315414827799E-013
       1585, 6.26096007517956449E-013
       1586, 6.14121970201281557E-013
       1587, 6.48639525882543733E-013
       1588, 5.90031983570333297E-013
       1589, 6.30025335853532864E-013
       1590, 6.27796645141146126E-013
       1591, 6.15396631315395390E-013
       1592, 6.62708931447390719E-013
       1593, 6.01930474397620171E-013
       1594, 6.08313117354452646E-013
       1595, 6.40751300503194317E-013
       1596, 5.96835882322266145E-013
       1597, 6.16391710682213797E-013
       1598, 5.99289270799218138E-013
       1599, 6.47550970314587952E-013
       1600, 5.97839838308306730E-013
       1601, 6.07874864620390252E-013
       1602, 6.61500313613534786E-013
       1603, 5.97651036802688436E-013
       1604, 6.09619009539630667E-013
       1605, 5.99413599691775384E-013
       1606, 6.98829114867685813E-013
       1607, 6.26265791284597586E-013
       1608, 6.02580904915018199E-013
       1609, 6.26300813031710255E-013
       1610, 5.96539326810553680E-013
       1611, 5.57869780769491166E-013
       1612, 5.95585663023272729E-013
       1613, 6.01385409372726769E-013
       1614, 6.41796532118206901E-013
       1615, 6.60831133787287338E-013
       1616, 5.96432335431424398E-013
       1617, 6.74857718512765176E-013
       1618, 5.83656249486944673E-013
       1619, 6.65735555388510383E-013
       1620, 7.20662105859655756E-013
       1621, 6.54703022538708594E-013
       1622, 7.01171698145749855E-013
       1623, 5.52591949482200977E-013
       1624, 6.81627660335149953E-013
       1625, 6.43217734169163864E-013
       1626, 6.31208550243147645E-013
       1627, 6.20872942185308043E-013
       1628, 6.59073324825031952E-013
       1629, 5.69504239204778721E-013
       1630, 6.49134259396606778E-013
       1631, 6.62944826895398908E-013
       1632, 6.61662713839858897E-013
       1633, 7.15048018669173019E-013
       1634, 7.25247894738507651E-013
       1635, 6.32870573820265395E-013
       1636, 6.59849528331989721E-013
       1637, 6.13058478942972720E-013
       1638, 7.04192042038459430E-013
       1639, 6.31998327937399009E-013
       1640, 6.15942043664352341E-013
       1641, 6.59089571321814107E-013
       1642, 6.29132786113378883E-013
       1643, 6.78794038287921529E-013
       1644, 5.96325167348250548E-013
       1645, 6.33445614490740081E-013
       1646, 6.11082710418168564E-013
       1647, 5.89612809619495136E-013
       1648, 6.22127924810399449E-013
       1649, 5.65051790893289170E-013
       1650, 6.03079601949288234E-013
       1651, 6.46526618743625438E-013
       1652, 6.59169958736491171E-013
       1653, 7.05249007108836205E-013
       1654, 6.26874110522326856E-013
       1655, 6.28135989631509833E-013
       1656, 6.54643750838319954E-013
       1657, 6.72761089167010843E-013
       1658, 6.06725997354215852E-013
       1659, 6.59321650918883868E-013
       1660, 6.49440702643819091E-013
       1661, 6.55480715884990843E-013
       1662, 6.99780360290534729E-013
       1663, 6.98324287661046419E-013
       1664, 6.36078222891286031E-013
       1665, 6.57716156687932813E-013
       1666, 7.04830734267130636E-013
       1667, 6.15202377209047725E-013
       1668, 6.62991813223472158E-013
       1669, 6.73108636205275203E-013
       1670, 6.29020426591799353E-013
       1671, 6.55353020874657686E-013
       1672, 6.62181510257350060E-013
       1673, 6.89720612012046100E-013
       1674, 6.55710298090701661E-013
       1675, 5.84243684080293833E-013
       1676, 5.80779572509816419E-013
       1677, 6.88864237305524989E-013
       1678, 6.28825796165969248E-013
       1679, 6.31465097982958177E-013
       1680, 6.11588700081787765E-013
       1681, 7.40514643290706144E-013
       1682, 6.70725289331882360E-013
       1683, 6.66572407123920994E-013
       1684, 6.67751299114097642E-013
       1685, 6.83300019574157887E-013
       1686, 6.59409850561487240E-013
       1687, 6.24693351896537183E-013
       1688, 6.88412253288892005E-013
       1689, 6.83332009749152639E-013
       1690, 6.86194799000286366E-013
       1691, 6.66961487889697356E-013
       1692, 6.86696919702318065E-013
       1693, 6.25341747275823773E-013
       1694, 6.68546800122728667E-013
       1695, 6.21694721161988335E-013
       1696, 6.38476137722471512E-013
       1697, 6.66276395119929338E-013
       1698, 7.01924513990193421E-013
       1699, 6.80397348074036963E-013
       1700, 6.40460741456021573E-013
       1701, 7.47040789674459684E-013
       1702, 7.20190427595630387E-013
       1703, 6.74831073175164119E-013
       1704, 6.72753355754268755E-013
       1705, 6.63506960451184523E-013
       1706, 6.75688313111076706E-013
       1707, 6.42960389763023823E-013
       1708, 6.76162276939655555E-013
       1709, 6.62573141610575975E-013
       1710, 6.62944637109857166E-013
       1711, 6.96294209018511269E-013
       1712, 6.97862590195048742E-013
       1713, 6.39702112666756156E-013
       1714, 7.30274417903418916E-013
       1715, 6.72540702737319654E-013
       1716, 6.75704903414022926E-013
       1717, 6.28875668274508842E-013
       1718, 6.56045314961222231E-013
       1719, 7.86615373603977307E-013
       1720, 6.31279762802654679E-013
       1721, 6.64563488540873052E-013
       1722, 6.80756944462778840E-013
       1723, 6.80568629338879282E-013
       1724, 6.70616404108892229E-013
       1725, 7.50771874660430557E-013
       1726, 5.94182787309539839E-013
       1727, 5.88715227595268075E-013
       1728, 6.26117188291818191E-013
       1729, 7.01407656456877040E-013
       1730, 6.93416427929883771E-013
       1731, 6.53796216020133978E-013
       1732, 6.98668970880002498E-013
       1733, 7.22294264464885637E-013
       1734, 7.06219056948937178E-013
       1735, 7.29451535319058915E-013
       1736, 6.99005344776564669E-013
       1737, 7.30422968580478491E-013
       1738, 7.12371292532656874E-013
       1739, 7.43113042491135607E-013
       1740, 5.80377680274728078E-013
       1741, 6.41651496537762092E-013
       1742, 6.55278284739614115E-013
       1743, 6.09497636500302174E-013
       1744, 6.82562964884216410E-013
       1745, 5.89985331323788231E-013
       1746, 6.18956696709920348E-013
       1747, 7.12660028217168671E-013
       1748, 6.14580531304233338E-013
       1749, 7.02706137831674014E-013
       1750, 7.03158553024934650E-013
       1751, 6.47606120283626263E-013
       1752, 5.93483744673812062E-013
       1753, 7.40633467584392787E-013
       1754, 7.01924136543543404E-013
       1755, 6.88399465183601066E-013
       1756, 6.81130400414949091E-013
       1757, 7.01454527286190789E-013
       1758, 7.33820469176289190E-013
       1759, 7.07725793497112701E-013
       1760, 7.26016949134831609E-013
       1761, 6.66339644480650253E-013
       1762, 6.95543604788003650E-013
       1763, 7.78091805262524469E-013
       1764, 7.59724694837642341E-013
       1765, 7.04396249750048540E-013
       1766, 7.06868118858796587E-013
       1767, 7.60540576660103867E-013
       1768, 6.57038461561351768E-013
       1769, 6.80048037099231794E-013
       1770, 7.26174315172314597E-013
       1771, 6.59325811392277715E-013
       1772, 7.04362539860424391E-013
       1773, 7.11488428800265472E-013
       1774, 7.07921132919635817E-013
       1775, 6.86893329674459352E-013
       1776, 7.31427070992399468E-013
       1777, 6.88231725833842560E-013
       1778, 6.96650462941417310E-013
       1779, 6.93468789507701521E-013
       1780, 6.86364146838267896E-013
       1781, 7.79027038430574726E-013
       1782, 6.70935101971049893E-013
       1783, 6.68596070671631087E-013
       1784, 6.85815010553439898E-013
       1785, 7.16567602478746643E-013
       1786, 8.15786354113127034E-013
       1787, 6.70353685040185461E-013
       1788, 7.34514022030301208E-013
       1789, 6.49689155900203322E-013
       1790, 7.32888745817135157E-013
       1791, 7.22810578238798784E-013
       1792, 7.42345629549911868E-013
       1793, 7.16327351381864004E-013
       1794, 7.18891725979763897E-013
       1795, 6.76297967995911371E-013
       1796, 6.71782630485188922E-013
       1797, 7.21601290166771034E-013
       1798, 6.93461914037169108E-013
       1799, 7.38991161631354262E-013
       1800, 7.23197118720488818E-013
       1801, 7.89658543337322457E-013
       1802, 7.15239388845698294E-013
       1803, 7.00539697367573825E-013
       1804, 7.09387774879826265E-013
       1805, 7.32505040920577968E-013
       1806, 7.82091919829767614E-013
       1807, 7.96579380889669615E-013
       1808, 7.46678548476060556E-013
       1809, 7.23227010403246116E-013
       1810, 7.85575815244503157E-013
       1811, 6.96049765617620012E-013
       1812, 7.65427959554193286E-013
       1813, 7.64899974310994989E-013
       1814, 7.63744228855215347E-013
       1815, 7.56461905767476205E-013
       1816, 7.57082644309378721E-013
       1817, 7.50986401190916884E-013
       1818, 6.98325590157210374E-013
       1819, 7.79766064833001694E-013
       1820, 7.02569016981771531E-013
       1821, 8.10509730564677422E-013
       1822, 8.03400668836243749E-013
       1823, 7.60146640368029483E-013
       1824, 7.98214852609430565E-013
       1825, 7.76547381152767262E-013
       1826, 8.24396077977640641E-013
       1827, 7.94338307026787782E-013
       1828, 7.12911930040216691E-013
       1829, 8.48224403871483057E-013
       1830, 8.25377901614984381E-013
       1831, 7.95855011256032291E-013
       1832, 8.69858539023864754E-013
       1833, 8.59652802087213145E-013
       1834, 7.42212547781731498E-013
       1835, 7.43209164076453617E-013
       1836, 7.88859327745275681E-013
       1837, 8.10324045672375353E-013
       1838, 8.12003793709667213E-013
       1839, 8.62394949048418324E-013
       1840, 8.01313837120492463E-013
       1841, 8.52099583555397942E-013
       1842, 8.01132880896234267E-013
       1843, 8.42748662619334994E-013
       1844, 8.79511811472465774E-013
       1845, 9.09456127049829924E-013
       1846, 8.31671624861193760E-013
       1847, 8.14597442989115633E-013
       1848, 8.20029712800879401E-013
       1849, 8.84540522281162931E-013
       1850, 8.43761122953669341E-013
       1851, 7.86390034904363951E-013
       1852, 8.57527307348400577E-013
       1853, 9.19814762660563732E-013
       1854, 8.36515412317392944E-013
       1855, 8.99341154211187444E-013
       1856, 8.48685402198114400E-013
       1857, 8.55445013839309015E-013
       1858, 9.18555810830409525E-013
       1859, 8.32031807565443328E-013
       1860, 8.09665721249616092E-013
       1861, 8.24948919118052777E-013
       1862, 9.64853806698675254E-013
       1863, 9.11921282356250821E-013
       1864, 9.15481589299337310E-013
       1865, 8.86058745912387895E-013
       1866, 8.59749941229071879E-013
       1867, 7.98852919738717962E-013
       1868, 8.30604163028186118E-013
       1869, 9.74250065210713932E-013
       1870, 8.74113319360431419E-013
       1871, 8.97097168922916862E-013
       1872, 8.46104404215397841E-013
       1873, 8.82806083832608436E-013
       1874, 8.25412522518394203E-013
       1875, 9.39732073515305980E-013
       1876, 9.65315796502274625E-013
       1877, 8.98100120884266585E-013
       1878, 8.42139991855110648E-013
       1879, 9.80027131058789381E-013
       1880, 8.86636093413870648E-013
       1881, 1.02150556760759312E-012
       1882, 8.19861897750906707E-013
       1883, 9.11591888566836036E-013
       1884, 9.08535106621438110E-013
       1885, 9.82253815643888699E-013
       1886, 9.80138813620019334E-013
       1887, 9.85235054608136072E-013
       1888, 9.74481393833858767E-013
       1889, 1.00101286320825465E-012
       1890, 8.27743348497496271E-013
       1891, 9.02509776054940058E-013
       1892, 1.06253108423845485E-012
       1893, 9.84060153341430653E-013
       1894, 9.57182646830531752E-013
       1895, 9.55313284885708372E-013
       1896, 9.39178400290219355E-013
       1897, 9.05715127367878836E-013
       1898, 9.03441357644727296E-013
       1899, 1.08044443427946793E-012
       1900, 8.48370824212340305E-013
       1901, 9.73480013336987646E-013
       1902, 8.90815098115252953E-013
       1903, 9.11561320082809261E-013
       1904, 9.54943674115281735E-013
       1905, 9.55080142629332927E-013
       1906, 9.73029252124886555E-013
       1907, 1.01882274434892164E-012
       1908, 1.05687057503244851E-012
       1909, 1.01068865230503110E-012
       1910, 9.60187819877699534E-013
       1911, 9.86668363463565186E-013
       1912, 9.41720080968977298E-013
       1913, 1.07016489917053329E-012
       1914, 9.17849341862756935E-013
       1915, 1.06689879924717491E-012
       1916, 9.65573883542123246E-013
       1917, 1.00904004412153570E-012
       1918, 9.47364033004171611E-013
       1919, 1.02534264377293272E-012
       1920, 1.02153364991077181E-012
       1921, 9.63890419335118086E-013
       1922, 1.10972159867957595E-012
       1923, 9.89584768846571556E-013
       1924, 9.33566826495638891E-013
       1925, 1.19474673124728972E-012
       1926, 9.22129350792377895E-013
       1927, 1.02993079382153687E-012
       1928, 1.03002312323066680E-012
       1929, 1.10631930091429557E-012
       1930, 1.03910703975669503E-012
       1931, 9.34518435661004880E-013
       1932, 9.57478218455439345E-013
       1933, 1.00737477122562667E-012
       1934, 9.38433319618036356E-013
       1935, 9.24431826724024911E-013
       1936, 1.11386943223736653E-012
       1937, 1.03160858640069643E-012
       1938, 1.04031023069310648E-012
       1939, 1.05741086951098065E-012
       1940, 9.64161989805746106E-013
       1941, 9.51604232549583262E-013
       1942, 9.43721712199317142E-013
       1943, 1.04096998953361884E-012
       1944, 1.11159488318309494E-012
       1945, 1.01951393394912085E-012
       1946, 1.02338026262516456E-012
       1947, 1.21699530054674203E-012
       1948, 8.68672674291722867E-013
       1949, 9.01203035121661842E-013
       1950, 1.01677871781927187E-012
       1951, 9.80929382897939860E-013
       1952, 1.11566955994399149E-012
       1953, 1.03670353626935764E-012
       1954, 1.14595467669292151E-012
       1955, 1.18390555662324567E-012
       1956, 1.07616004872900221E-012
       1957, 1.06120239397821131E-012
       1958, 1.11371662513109207E-012
       1959, 9.45341297485297057E-013
       1960, 1.06700762306877960E-012
       1961, 9.45907741958040093E-013
       1962, 1.10012133634279606E-012
       1963, 1.04085973132144461E-012
       1964, 1.21547854519137510E-012
       1965, 8.82339823596823653E-013
       1966, 1.08944423196095959E-012
       1967, 9.33625661410117297E-013
       1968, 9.70600580698277253E-013
       1969, 1.19015983693913636E-012
       1970, 1.06892365050120737E-012
       1971, 1.13389745405739480E-012
       1972, 9.22660800522115439E-013
       1973, 1.04571384998418643E-012
       1974, 1.03199913960547955E-012
       1975, 1.08818207410762631E-012
       1976, 1.44330006826890699E-012
       1977, 1.24159262313386849E-012
       1978, 1.19421661353331398E-012
       1979, 1.02896835133041991E-012
       1980, 1.08591956106135039E-012
       1981, 1.13407556092446874E-012
       1982, 1.21315889010375012E-012
       1983, 1.31377855258928600E-012
       1984, 1.04120991829131696E-012
       1985, 1.04744390647263544E-012
       1986, 1.09806462561301324E-012
       1987, 1.07657870323966610E-012
       1988, 1.04109806403347610E-012
       1989, 1.19397298397827967E-012
       1990, 1.12834698825087604E-012
       1991, 1.10590965383191851E-012
       1992, 1.12185685600885447E-012
       1993, 1.00075799559110747E-012
       1994, 1.10457097014918970E-012
       1995, 1.04054396044691994E-012
       1996, 1.35156435808691817E-012
       1997, 1.02556066465208899E-012
       1998, 1.09592576981695791E-012
       1999, 1.06049671548596883E-012
       2000, 1.08859667042866442E-012
       2001, 1.19087490281611010E-012
       2002, 1.37931409404883197E-012
       2003, 1.22011438133677666E-012
       2004, 1.42831996984600431E-012
       2005, 1.11630768822927542E-012
       2006, 1.08886713264437503E-012
       2007, 1.18737704356428346E-012
       2008, 1.21178770395214892E-012
       2009, 1.19146414369746335E-012
       2010, 1.16805474221331831E-012
       2011, 1.23606721066680944E-012
       2012, 1.26187912382283452E-012
       2013, 1.21295141165170508E-012
       2014, 1.29669108077448385E-012
       2015, 1.35056045242311525E-012
       2016, 1.30581582324553134E-012
       2017, 1.28439391515980308E-012
       2018, 1.11738674467679094E-012
       2019, 1.20372381823139939E-012
       2020, 1.06949206927962571E-012
       2021, 1.31457810591243938E-012
       2022, 1.48018292990539382E-012
       2023, 1.36111195545514765E-012
       2024, 1.45862914844066067E-012
       2025, 1.19521468253319986E-012
       2026, 1.32507367219962833E-012
       2027, 1.53044104106648865E-012
       2028, 1.30712817075236441E-012
       2029, 1.59259762434885491E-012
       2030, 1.59198044001670923E-012
       2031, 1.63163458652694601E-012
       2032, 1.49804498203252073E-012
       2033, 1.37082073344312483E-012
       2034, 1.50460900262882908E-012
       2035, 1.51548670809429667E-012
       2036, 1.54699963162222700E-012
       2037, 1.46623555973917776E-012
       2038, 1.50253450693354425E-012
       2039, 1.43334812779747583E-012
       2040, 1.66174958305166988E-012
       2041, 2.02239916426509061E-012
       2042, 1.67611764913992521E-012
       2043, 1.65419241541732326E-012
       2044, 1.68662597003359766E-012
       2045, 1.83907059440688066E-012
       2046, 2.06652786999660063E-012
       2047, 1.81910520327120808E-012
       2048, 2.32972450306117377E-012
      -2048, 2.32972450306117377E-012
          0, 1.26378309295982816E-013
