         0, 2147483647,  1010, 1.25609184041879444E+304
         1,    2096128,  1010, 2.33784094124550396E-001
         2,    2096128,  1010, 4.34466705696339273E-001
         3,    2096128,  1010, 8.00000000000000044E-001
         4,    2096128,  1010, 4.95847676230727563E-001
         5,    2096128,  1010, 1.08265752964003342E-001
         6,    2096128,  1010, 5.33818712180445867E-002
         7,    2096128,  1010, 6.36290779211000791E-003
         8,    2096119,  1010, 1.63962206516508836E-004
         9,    2035936,  1010, 5.39190738910286750E-007
        10,     676464,  1010, 1.90846800415210100E-011
        11,     188540,  1010, 2.54076456001297781E-015
        12,      15766,  1010, 2.52989634061435207E-015
        13,         89,  1010, 2.51778627433438216E-015
        14,          6,  1010, 1.48801966180395403E-015
        15,          0,  1010, 0.00000000000000000E+000
"j", "||(G*V)j - (U*Σ)j||_F / Σj"
          1, 4.03383293038536045E-013
          2, 4.25651808889185167E-013
          3, 4.17419302287890649E-013
          4, 3.85166646498517657E-013
          5, 4.29498302494414700E-013
          6, 4.03397977391650741E-013
          7, 3.65708851531290549E-013
          8, 4.11033437744958988E-013
          9, 4.40277886518545064E-013
         10, 4.14436660463197939E-013
         11, 4.17509770218616994E-013
         12, 4.33398464044383889E-013
         13, 4.32414246368330721E-013
         14, 3.85041732649191589E-013
         15, 4.41715351825301907E-013
         16, 4.49220918882228692E-013
         17, 4.35233412826738367E-013
         18, 4.40106169462963186E-013
         19, 4.61029177718682901E-013
         20, 4.78503113214819870E-013
         21, 4.18626247601811412E-013
         22, 4.04976012239971177E-013
         23, 3.54386807246290370E-013
         24, 4.14628889466650417E-013
         25, 4.21060613075993997E-013
         26, 3.93840911098919659E-013
         27, 3.98662684180326218E-013
         28, 3.88831299871961250E-013
         29, 4.01100560525000314E-013
         30, 4.10060336540388715E-013
         31, 3.82588247584322659E-013
         32, 4.15482898186068971E-013
         33, 4.57463813463802164E-013
         34, 4.07975800502775051E-013
         35, 3.95088863991293084E-013
         36, 4.00424571584516361E-013
         37, 4.20414887480431218E-013
         38, 4.11380992081675890E-013
         39, 4.51218192542674499E-013
         40, 4.17150122617342764E-013
         41, 4.23313611207976403E-013
         42, 4.28049173883836042E-013
         43, 4.16127673279436089E-013
         44, 4.05671558446587928E-013
         45, 4.08916133435541109E-013
         46, 3.80034581406245569E-013
         47, 4.58337729467645446E-013
         48, 4.05734010004936074E-013
         49, 3.86258137298826633E-013
         50, 4.01787584791145374E-013
         51, 3.90548298730722263E-013
         52, 4.03108178609548655E-013
         53, 3.92675147411908198E-013
         54, 4.24959035439620058E-013
         55, 4.25643432524067365E-013
         56, 4.14298415556827328E-013
         57, 4.07190534224807154E-013
         58, 4.23535830959015387E-013
         59, 4.03576840251800207E-013
         60, 4.10700636436729168E-013
         61, 4.30895543310622918E-013
         62, 4.59650606714760204E-013
         63, 4.36457447263290293E-013
         64, 4.34399009722048191E-013
         65, 4.05436685461580890E-013
         66, 4.52612373969208440E-013
         67, 4.15363592396565318E-013
         68, 4.82706954480926161E-013
         69, 4.13631835150195536E-013
         70, 4.03314329980908496E-013
         71, 4.33923658216269126E-013
         72, 4.57586412755798255E-013
         73, 4.22754143990022691E-013
         74, 4.67051869328082504E-013
         75, 4.50447090718411936E-013
         76, 4.38309298812610077E-013
         77, 4.46115303056312239E-013
         78, 4.36267332620578490E-013
         79, 4.09919684358205016E-013
         80, 4.43981822000195668E-013
         81, 4.59291427702001596E-013
         82, 3.82170819841637125E-013
         83, 4.12835565909098171E-013
         84, 4.09912640567060428E-013
         85, 4.03808403755275690E-013
         86, 4.14791160093368603E-013
         87, 4.20423125018637844E-013
         88, 4.44460822076492722E-013
         89, 4.79351975045880959E-013
         90, 4.25062684638764030E-013
         91, 4.12889493297380523E-013
         92, 4.69978013988830739E-013
         93, 4.17331764299665776E-013
         94, 4.34074084150309717E-013
         95, 3.80684804449928161E-013
         96, 4.66702181428238204E-013
         97, 4.29031134152007767E-013
         98, 4.22926929101255725E-013
         99, 4.08810834464372492E-013
        100, 4.83121600802672539E-013
        101, 4.22978076336253664E-013
        102, 4.36872208977016264E-013
        103, 3.80987581635691583E-013
        104, 4.39441104157693620E-013
        105, 4.15334937390685518E-013
        106, 4.52381555340378729E-013
        107, 4.57560557013894368E-013
        108, 4.30874978673263688E-013
        109, 4.34344548992080571E-013
        110, 4.32204162570956078E-013
        111, 5.02996377775981588E-013
        112, 4.35486479873875124E-013
        113, 4.40428635167382019E-013
        114, 4.43886636063890427E-013
        115, 4.62062792689252491E-013
        116, 4.09810696592204039E-013
        117, 4.65478974074361131E-013
        118, 4.02851433162491875E-013
        119, 4.21675463617978201E-013
        120, 4.45118379398638169E-013
        121, 4.50109497461499983E-013
        122, 4.07270218010611014E-013
        123, 4.53999380542180914E-013
        124, 4.61877235458996328E-013
        125, 4.33970871277535447E-013
        126, 4.94697839742091999E-013
        127, 4.54526799433212304E-013
        128, 4.51033526589478905E-013
        129, 4.23710968055839736E-013
        130, 4.48188313464280212E-013
        131, 5.01842961070729850E-013
        132, 4.46855202958696039E-013
        133, 4.24557809958481822E-013
        134, 4.15097152769447633E-013
        135, 4.79996591265384434E-013
        136, 4.89902045335257142E-013
        137, 4.53083616196936567E-013
        138, 4.69166255029417225E-013
        139, 4.29020031298513902E-013
        140, 4.42200570781525645E-013
        141, 4.42652729411537015E-013
        142, 4.26262846904648670E-013
        143, 4.69518082728531733E-013
        144, 3.90507778160348389E-013
        145, 5.23944533030989912E-013
        146, 4.70974795825791069E-013
        147, 4.54377971340460600E-013
        148, 4.85277003154703291E-013
        149, 4.26651282244988757E-013
        150, 4.63809220941484244E-013
        151, 4.84726227466548217E-013
        152, 4.30426668774976836E-013
        153, 4.56127558080224649E-013
        154, 4.41061569273916265E-013
        155, 4.53347092147788888E-013
        156, 3.92223644764911183E-013
        157, 4.73804298246744667E-013
        158, 4.80287737218913560E-013
        159, 4.75178848606109734E-013
        160, 4.72716520609431172E-013
        161, 5.01206110526030625E-013
        162, 4.68950900855639635E-013
        163, 4.43559358881991635E-013
        164, 4.55850707863584235E-013
        165, 4.15659400661829384E-013
        166, 4.77506814127277451E-013
        167, 4.63122635313150401E-013
        168, 5.18760952813312194E-013
        169, 4.38608139808291849E-013
        170, 5.15761124595978270E-013
        171, 4.60619484519448752E-013
        172, 4.49440317263632103E-013
        173, 4.32612084561227975E-013
        174, 4.76558790434410851E-013
        175, 4.32465968194259351E-013
        176, 4.91511255415346096E-013
        177, 4.67059850920758898E-013
        178, 4.48768971145714050E-013
        179, 4.53718731137218623E-013
        180, 4.97080116353008508E-013
        181, 4.78161540290943165E-013
        182, 4.70486919640464358E-013
        183, 4.78233358146926075E-013
        184, 5.25410237874437275E-013
        185, 4.95454952197060273E-013
        186, 4.07688611919225717E-013
        187, 4.66817709440888101E-013
        188, 4.62830428121596970E-013
        189, 4.47984319905349066E-013
        190, 4.76061412304757406E-013
        191, 4.43650929672620104E-013
        192, 4.97973111042060270E-013
        193, 4.94296133499594025E-013
        194, 5.03714006815931158E-013
        195, 4.65925967408145137E-013
        196, 4.82696065469901216E-013
        197, 4.54246869994923046E-013
        198, 5.09254500763888016E-013
        199, 4.83469805209731369E-013
        200, 4.65882186920882776E-013
        201, 4.84991698029666089E-013
        202, 5.00278940053849012E-013
        203, 4.27485387067555329E-013
        204, 4.89157162178554086E-013
        205, 4.74326769091301276E-013
        206, 4.39620829456472881E-013
        207, 4.96216771020778028E-013
        208, 4.94434199091511477E-013
        209, 4.21578239516544356E-013
        210, 4.38840886093700046E-013
        211, 4.62026646403420601E-013
        212, 4.66482842314332296E-013
        213, 4.49122703376924817E-013
        214, 4.51718391587605031E-013
        215, 4.96827037557092952E-013
        216, 4.43582824849920870E-013
        217, 5.06728784195414371E-013
        218, 4.51925914481071553E-013
        219, 4.43736140510750705E-013
        220, 4.50532490476299163E-013
        221, 5.02191294988313251E-013
        222, 5.14653379550597181E-013
        223, 4.39550521365612120E-013
        224, 5.12018890660850928E-013
        225, 4.22909883098432109E-013
        226, 4.62036918536798192E-013
        227, 5.17773071585065400E-013
        228, 4.69266640518625965E-013
        229, 4.47389488153439193E-013
        230, 4.68504900734748707E-013
        231, 4.40112085269886761E-013
        232, 4.65476058758245269E-013
        233, 4.68155539703326773E-013
        234, 4.57711629688415692E-013
        235, 4.82421755792270220E-013
        236, 5.10672374342396605E-013
        237, 4.58178554173164806E-013
        238, 4.75927307050055240E-013
        239, 4.69530471529249701E-013
        240, 4.71378937313780712E-013
        241, 4.72899097187542619E-013
        242, 4.76363140901655460E-013
        243, 4.88948749637867494E-013
        244, 4.21348614068628300E-013
        245, 4.99795853657447921E-013
        246, 4.75194689436025309E-013
        247, 4.65905311309663371E-013
        248, 4.73527486628173209E-013
        249, 4.61337529643497535E-013
        250, 4.75265770686788711E-013
        251, 4.69179529293545345E-013
        252, 4.69897448781320306E-013
        253, 4.99914483793689738E-013
        254, 5.12965971868926383E-013
        255, 5.06442825436660917E-013
        256, 5.15804610350229704E-013
        257, 4.50520510301783199E-013
        258, 4.59765498481119182E-013
        259, 4.37084953615013963E-013
        260, 5.04810979711936722E-013
        261, 4.69111677559614546E-013
        262, 4.91854563234652785E-013
        263, 4.78048012249734175E-013
        264, 4.70188868066905013E-013
        265, 4.97650715983636629E-013
        266, 4.59339028225753854E-013
        267, 5.30452352349219264E-013
        268, 5.29351960278643606E-013
        269, 5.01339333079615351E-013
        270, 4.81945149680618324E-013
        271, 4.83079688858624889E-013
        272, 5.12062162794476881E-013
        273, 5.54952382604684589E-013
        274, 5.02576173963733108E-013
        275, 4.85892441702960386E-013
        276, 4.98382273671589481E-013
        277, 4.73229654310639205E-013
        278, 4.93327389358143799E-013
        279, 4.91870502308951682E-013
        280, 5.13434016322614523E-013
        281, 5.06567492704891727E-013
        282, 5.20071804911405237E-013
        283, 4.64661822721662678E-013
        284, 4.89553060922302444E-013
        285, 4.88803526514383133E-013
        286, 4.82741698170326864E-013
        287, 4.79165038483361269E-013
        288, 5.12422648512450536E-013
        289, 5.24007683817300111E-013
        290, 4.96828502209782469E-013
        291, 4.68913678833047188E-013
        292, 4.72576706190176534E-013
        293, 4.85753224502198496E-013
        294, 5.85694450535425211E-013
        295, 4.41405689329050137E-013
        296, 4.71996639068646942E-013
        297, 5.18887109132090487E-013
        298, 4.95917775561180047E-013
        299, 4.30640274388331974E-013
        300, 4.99218495884935194E-013
        301, 4.93574930345364814E-013
        302, 5.17607754678347920E-013
        303, 4.35430523848717607E-013
        304, 4.88048414300067715E-013
        305, 5.19421346381932391E-013
        306, 5.17943622836557055E-013
        307, 5.65605595119082900E-013
        308, 4.69545932007974138E-013
        309, 4.85514157271375291E-013
        310, 4.57109109738935891E-013
        311, 4.89920030247994699E-013
        312, 4.94185402550919398E-013
        313, 4.98784499418836143E-013
        314, 5.15881810591768700E-013
        315, 4.84552665533007473E-013
        316, 5.22947995353852782E-013
        317, 4.61255146236208884E-013
        318, 4.93547688616935691E-013
        319, 5.13084637552783677E-013
        320, 4.92344526766819405E-013
        321, 4.70865434208684576E-013
        322, 5.05152476171670882E-013
        323, 4.87098400730293347E-013
        324, 4.60957102320732079E-013
        325, 4.99282641029466559E-013
        326, 4.76245116676942127E-013
        327, 5.20189826497573571E-013
        328, 5.21685657016493998E-013
        329, 4.74236309922579729E-013
        330, 5.87236250387815720E-013
        331, 4.90118361870024213E-013
        332, 5.10742750908823475E-013
        333, 5.64968277825789608E-013
        334, 5.49067619886948888E-013
        335, 5.14355143032929088E-013
        336, 5.48049011172835466E-013
        337, 5.07320848545609273E-013
        338, 5.10892376133613381E-013
        339, 5.76876556617814253E-013
        340, 5.28738413429862503E-013
        341, 5.38293499247602313E-013
        342, 5.37862630473946456E-013
        343, 5.59510754434530849E-013
        344, 4.92222420721510249E-013
        345, 5.79202516868505233E-013
        346, 5.00987726955378398E-013
        347, 5.05889126748213992E-013
        348, 5.06790121320866815E-013
        349, 4.75157067155123573E-013
        350, 5.95296467722208075E-013
        351, 5.24395979182149210E-013
        352, 5.45523419699240984E-013
        353, 5.81926676393210980E-013
        354, 5.22588590445830369E-013
        355, 5.61955818069803051E-013
        356, 5.38573461686624555E-013
        357, 5.77542951289475587E-013
        358, 5.13578016253009500E-013
        359, 5.05875630329017352E-013
        360, 5.28054187767229876E-013
        361, 5.58194488499566519E-013
        362, 4.74098927580904743E-013
        363, 5.17144981355943947E-013
        364, 5.47758134666657315E-013
        365, 5.01967027361306339E-013
        366, 6.25544739860866452E-013
        367, 5.18191400441103186E-013
        368, 5.46944560965879653E-013
        369, 5.54550987282132985E-013
        370, 5.31078212281638730E-013
        371, 5.12734285273436615E-013
        372, 5.07048758335613366E-013
        373, 5.14217080540521812E-013
        374, 5.11019723834032099E-013
        375, 5.24321232594219422E-013
        376, 5.40445343758796895E-013
        377, 5.27041130868599147E-013
        378, 5.30577965005106168E-013
        379, 5.27629017850725511E-013
        380, 5.08285617056222128E-013
        381, 5.87983953358725521E-013
        382, 4.99645018131032772E-013
        383, 5.64855626265723639E-013
        384, 5.47428088552201434E-013
        385, 5.42926852678449586E-013
        386, 5.02814240189117095E-013
        387, 5.18824119342030349E-013
        388, 5.63795811067383649E-013
        389, 5.14093312968440981E-013
        390, 5.28217265040884150E-013
        391, 5.78774789656635152E-013
        392, 5.45668118268722612E-013
        393, 5.25269010791739434E-013
        394, 5.38110413114181153E-013
        395, 5.37424293793738690E-013
        396, 5.18875248573348805E-013
        397, 6.53435016952249805E-013
        398, 6.24648437865360866E-013
        399, 5.55590942872520503E-013
        400, 5.51470910481904976E-013
        401, 4.95437325126221004E-013
        402, 5.24678582898234344E-013
        403, 5.33686674739327157E-013
        404, 5.67985723050232345E-013
        405, 5.56061644491209562E-013
        406, 5.38904467412041226E-013
        407, 5.18689163731850662E-013
        408, 6.12374647813724991E-013
        409, 5.59882444496397147E-013
        410, 5.25150866848113090E-013
        411, 6.02874512537823838E-013
        412, 5.09830731813700240E-013
        413, 5.34938611104588461E-013
        414, 5.84709011009804516E-013
        415, 5.85026978412287091E-013
        416, 5.81336857301228447E-013
        417, 5.82334685918474879E-013
        418, 5.72039899734822573E-013
        419, 5.34412323768803526E-013
        420, 5.70314314393644811E-013
        421, 5.41089201748856121E-013
        422, 6.29647604750377064E-013
        423, 5.62419746017551257E-013
        424, 5.20984829508257452E-013
        425, 5.27266045507759077E-013
        426, 4.92702397814323141E-013
        427, 5.07682545320107112E-013
        428, 5.78068903299873830E-013
        429, 4.86225349037708422E-013
        430, 6.02924567316650723E-013
        431, 5.36554326205809960E-013
        432, 5.38025856743394062E-013
        433, 6.06845592986491358E-013
        434, 5.53864279964023815E-013
        435, 5.50536730960947153E-013
        436, 5.10674222494848173E-013
        437, 5.64559905390647813E-013
        438, 6.00533071494730798E-013
        439, 5.51935867493160358E-013
        440, 5.85669729269695498E-013
        441, 6.12257308540968712E-013
        442, 5.85208971752955518E-013
        443, 5.57053718538829494E-013
        444, 5.63997863839162698E-013
        445, 5.59304561671609270E-013
        446, 5.56379434628806189E-013
        447, 5.87131705613523110E-013
        448, 5.33284766985790918E-013
        449, 5.22321010566136363E-013
        450, 5.34018607745597764E-013
        451, 5.73778329268023302E-013
        452, 5.48163708544898082E-013
        453, 5.83707541577327362E-013
        454, 5.34496034234582685E-013
        455, 5.17694322784402748E-013
        456, 5.16545986584216410E-013
        457, 5.71557676301889500E-013
        458, 5.68046938027097962E-013
        459, 5.47196493798639701E-013
        460, 6.54010615591181126E-013
        461, 5.47758086179378472E-013
        462, 6.37175302951265245E-013
        463, 5.54604648570247127E-013
        464, 5.34440588398632709E-013
        465, 5.99362916995001683E-013
        466, 5.70555014177553375E-013
        467, 5.43546509025519973E-013
        468, 5.41021692784808886E-013
        469, 5.59864878409286273E-013
        470, 5.83930643578588815E-013
        471, 5.89608975849413982E-013
        472, 5.87045413188781023E-013
        473, 5.92035090992052474E-013
        474, 5.63414857448123453E-013
        475, 6.48827609854147405E-013
        476, 5.88309387323885447E-013
        477, 5.89220701168282440E-013
        478, 5.53761093634286783E-013
        479, 6.37199541789184100E-013
        480, 5.92323454177101460E-013
        481, 5.69933417044714792E-013
        482, 6.36542724044247015E-013
        483, 6.11843187941980482E-013
        484, 5.95190359830548333E-013
        485, 6.16786510707982316E-013
        486, 5.99065826243956255E-013
        487, 6.52523998926575855E-013
        488, 6.41589984877003804E-013
        489, 5.81160134455504804E-013
        490, 5.18594119609104381E-013
        491, 5.98325002149576827E-013
        492, 5.69441159044035573E-013
        493, 5.39031020405888620E-013
        494, 5.31644319858870562E-013
        495, 5.27909797719973986E-013
        496, 5.64751990316298386E-013
        497, 7.01836540493501394E-013
        498, 5.46020853162303319E-013
        499, 5.88425643469781316E-013
        500, 6.24003700702223109E-013
        501, 6.36190198341518980E-013
        502, 6.22501666573180592E-013
        503, 6.19142597989781487E-013
        504, 6.04926685248998341E-013
        505, 6.00798978795856543E-013
        506, 5.97973248555241802E-013
        507, 6.02803800307500039E-013
        508, 5.17299819758038346E-013
        509, 5.81625526562647533E-013
        510, 5.75201215619403614E-013
        511, 5.65252417072979481E-013
        512, 5.38938142566815839E-013
        513, 5.11714345609841826E-013
        514, 6.17963511200947111E-013
        515, 5.33192015935355526E-013
        516, 6.04417767596860635E-013
        517, 5.41921724599206016E-013
        518, 5.89712883348197307E-013
        519, 5.60496478642625405E-013
        520, 6.23000604305202775E-013
        521, 6.06695369900978284E-013
        522, 5.92884441749559245E-013
        523, 6.12650794838975172E-013
        524, 6.05498681453973874E-013
        525, 6.21372499416870420E-013
        526, 5.45815303536535992E-013
        527, 6.08677387404464369E-013
        528, 5.78498959311168469E-013
        529, 5.92252826733515039E-013
        530, 6.01931862080190699E-013
        531, 5.95929017261723258E-013
        532, 5.75342748583857726E-013
        533, 5.98655978279879065E-013
        534, 6.39329739905678120E-013
        535, 5.64024249332356480E-013
        536, 5.84063911245071261E-013
        537, 5.48072521010751809E-013
        538, 5.64142737451452538E-013
        539, 5.93440088131859656E-013
        540, 6.33772043292198549E-013
        541, 6.05550157330513328E-013
        542, 5.62166224321994382E-013
        543, 5.71058969031189207E-013
        544, 6.16889102697637113E-013
        545, 5.81916415637187847E-013
        546, 5.46631047125077503E-013
        547, 6.41721508227004353E-013
        548, 5.65625550493501224E-013
        549, 6.14049582754191244E-013
        550, 6.26702142043052596E-013
        551, 5.47554709306036257E-013
        552, 5.55081911257794326E-013
        553, 5.76080610267362236E-013
        554, 5.89434845705934507E-013
        555, 5.64103021369315893E-013
        556, 5.66743291321611332E-013
        557, 5.73781575309317793E-013
        558, 5.66665329656061914E-013
        559, 5.82075616330595638E-013
        560, 5.80142407460386840E-013
        561, 5.56083595941738973E-013
        562, 5.90337846125890269E-013
        563, 6.05126151738006498E-013
        564, 5.87334112626024716E-013
        565, 5.91505006755416458E-013
        566, 6.22266798688618436E-013
        567, 5.41513916810178283E-013
        568, 5.99736055649066182E-013
        569, 6.16705300285333001E-013
        570, 5.97754706402673230E-013
        571, 6.14063142697958646E-013
        572, 5.66248655768470082E-013
        573, 6.37055504692426626E-013
        574, 6.20209311023316248E-013
        575, 6.29475816457826249E-013
        576, 5.85677990734844209E-013
        577, 6.11459222865953445E-013
        578, 6.72832560606760724E-013
        579, 6.16533555436574226E-013
        580, 6.22093952094395851E-013
        581, 6.33113722389171554E-013
        582, 6.66774044588874744E-013
        583, 5.80799534842721404E-013
        584, 6.01332565222750803E-013
        585, 5.53125067271838411E-013
        586, 5.95500431476594258E-013
        587, 5.95040174972306572E-013
        588, 5.70184798291629842E-013
        589, 6.18539355174187333E-013
        590, 6.59052382603319853E-013
        591, 5.94442888490317240E-013
        592, 5.91546168143092221E-013
        593, 6.05203855969561226E-013
        594, 5.73793692698208179E-013
        595, 5.54935444841582909E-013
        596, 6.08415081871842653E-013
        597, 5.85871643647471353E-013
        598, 6.20143368430314734E-013
        599, 5.89482600097818161E-013
        600, 6.71579938125662690E-013
        601, 6.23818548781589749E-013
        602, 6.05409675309011893E-013
        603, 6.27016404090365144E-013
        604, 5.76440969195820734E-013
        605, 6.48375774027094432E-013
        606, 6.09018021364306781E-013
        607, 6.05562065322269039E-013
        608, 5.83419901495699860E-013
        609, 5.88639186281069335E-013
        610, 5.75420725857094521E-013
        611, 6.46575699910320272E-013
        612, 6.31294126005439637E-013
        613, 6.49163326899546095E-013
        614, 6.74614756761397355E-013
        615, 6.05646639096121457E-013
        616, 6.01508278699682665E-013
        617, 6.30975195771388347E-013
        618, 6.02917579116955289E-013
        619, 6.67862935595540356E-013
        620, 6.20134777674190540E-013
        621, 6.56052343092136813E-013
        622, 6.67950918692106769E-013
        623, 5.82717902672224906E-013
        624, 6.88386897754024586E-013
        625, 6.44394930466843393E-013
        626, 6.80255810945299879E-013
        627, 5.96209048727428468E-013
        628, 6.28279191378813127E-013
        629, 6.36044025232710771E-013
        630, 5.84356771252734200E-013
        631, 5.93037872855405369E-013
        632, 6.33527981142144992E-013
        633, 6.14876520564508734E-013
        634, 6.53615532308742455E-013
        635, 6.27126878217734994E-013
        636, 6.23041026127382173E-013
        637, 6.48475382841733332E-013
        638, 6.14628656728657279E-013
        639, 6.20479121739195458E-013
        640, 6.35624473138244875E-013
        641, 6.31671928241102630E-013
        642, 6.59526002616688358E-013
        643, 6.11960321380678940E-013
        644, 6.18176049874539298E-013
        645, 6.83742061492375926E-013
        646, 6.53079263286938718E-013
        647, 6.24536706505231869E-013
        648, 6.69306914157974221E-013
        649, 6.93850272066006699E-013
        650, 7.07362760533082145E-013
        651, 6.40000426508302598E-013
        652, 6.27834536449182602E-013
        653, 6.75102314606431629E-013
        654, 7.34859764832174875E-013
        655, 6.29247015062259763E-013
        656, 6.82158672168333103E-013
        657, 6.73168267380419994E-013
        658, 6.69346084189987335E-013
        659, 6.09495025345165883E-013
        660, 6.33615001314160299E-013
        661, 6.03115642336625475E-013
        662, 6.80162421583057434E-013
        663, 6.63797479556416074E-013
        664, 7.45619027824334238E-013
        665, 6.68897121314541981E-013
        666, 6.66934162608724820E-013
        667, 6.73489872128999194E-013
        668, 6.77682848639404240E-013
        669, 5.83837863025661104E-013
        670, 6.13072546519449750E-013
        671, 6.75228483156442369E-013
        672, 6.48948119923870870E-013
        673, 6.65092390297852908E-013
        674, 6.47147261178343963E-013
        675, 6.34724869565205708E-013
        676, 8.10980092795243537E-013
        677, 7.01738869965033556E-013
        678, 6.58387053488996729E-013
        679, 6.37164451789174325E-013
        680, 6.41293297871520975E-013
        681, 6.50812479497180199E-013
        682, 6.38661795573010399E-013
        683, 7.03538246264307909E-013
        684, 6.28109037046763777E-013
        685, 6.33812737694682155E-013
        686, 7.09686954241340757E-013
        687, 6.99606948771584830E-013
        688, 6.69252932553859169E-013
        689, 6.43513303862640068E-013
        690, 6.88174340469306440E-013
        691, 7.00219795969829446E-013
        692, 6.55757915788486344E-013
        693, 6.40582612690165689E-013
        694, 6.65580586032961674E-013
        695, 6.68899538850095320E-013
        696, 7.35898894598647618E-013
        697, 6.28485168473209149E-013
        698, 6.23474529383984500E-013
        699, 6.77120929557003603E-013
        700, 6.07931943794338604E-013
        701, 6.62181614610919014E-013
        702, 6.76002614861776688E-013
        703, 7.37024723156151533E-013
        704, 6.63708581843324269E-013
        705, 6.97856976067558862E-013
        706, 7.29231213936626131E-013
        707, 6.65451207321873953E-013
        708, 7.20729365962845661E-013
        709, 6.93410158128558433E-013
        710, 7.20064676457387969E-013
        711, 6.85184032753991785E-013
        712, 7.57171619358578061E-013
        713, 7.06753211352923269E-013
        714, 6.65864838744578068E-013
        715, 6.64521896168331246E-013
        716, 6.53896782491345493E-013
        717, 7.03609186255246763E-013
        718, 6.42236152638687874E-013
        719, 6.65582940256136475E-013
        720, 7.05148453156933084E-013
        721, 6.52117111094251181E-013
        722, 7.07746198850154947E-013
        723, 7.80550492046093487E-013
        724, 6.96729147884331108E-013
        725, 6.48489101885941587E-013
        726, 7.13598762781587852E-013
        727, 6.67650408515245336E-013
        728, 6.74234418899332628E-013
        729, 6.90471432980362688E-013
        730, 6.41215427247641527E-013
        731, 6.69251619416580979E-013
        732, 7.26218958967556513E-013
        733, 6.35904654246848062E-013
        734, 6.74746637980839328E-013
        735, 6.83152513059756320E-013
        736, 6.94549832113909277E-013
        737, 6.57681937487640949E-013
        738, 6.76874779384799157E-013
        739, 7.34324209381059413E-013
        740, 6.90961296859496581E-013
        741, 7.30029477217654531E-013
        742, 6.91257119551314737E-013
        743, 6.62550196472270530E-013
        744, 7.00192635224963899E-013
        745, 6.68545038620625133E-013
        746, 6.73704379028378316E-013
        747, 6.57528491806874148E-013
        748, 6.74918852264559255E-013
        749, 7.33524306680325820E-013
        750, 7.15345369711203086E-013
        751, 7.09506703623866537E-013
        752, 7.23573964030341063E-013
        753, 6.87203722545483067E-013
        754, 7.05130762240787810E-013
        755, 7.34170826603805932E-013
        756, 6.49093972584004639E-013
        757, 7.53765623047845401E-013
        758, 7.06364668216604719E-013
        759, 7.11695649127025974E-013
        760, 8.15312354875428410E-013
        761, 7.58840734864158532E-013
        762, 7.12235872535842631E-013
        763, 7.26701436949632416E-013
        764, 6.33257829256992456E-013
        765, 6.47144052733394729E-013
        766, 7.36920467476448538E-013
        767, 7.10181985908435784E-013
        768, 6.61605755578676309E-013
        769, 7.34335688466619428E-013
        770, 6.94423681317675923E-013
        771, 7.11903212688152451E-013
        772, 7.99059648600177789E-013
        773, 7.34023557593241824E-013
        774, 6.78554918999250444E-013
        775, 6.80351998697656397E-013
        776, 8.05731483263713634E-013
        777, 7.65254192239625750E-013
        778, 7.58413590966823956E-013
        779, 6.97953196670395075E-013
        780, 7.65109682652868608E-013
        781, 8.09339261243294284E-013
        782, 8.16639581241805644E-013
        783, 7.51326534179296771E-013
        784, 7.47549470665676059E-013
        785, 6.64387703081599621E-013
        786, 7.21755422715581836E-013
        787, 8.62228465265200339E-013
        788, 8.34366465573305238E-013
        789, 7.29926905613945498E-013
        790, 7.42085605593502341E-013
        791, 7.23787831392784933E-013
        792, 7.58027264102338903E-013
        793, 7.31029010591056676E-013
        794, 8.33893731506209428E-013
        795, 6.77374119054421878E-013
        796, 7.85907592762633676E-013
        797, 7.96810490628331941E-013
        798, 8.41269461831098057E-013
        799, 7.82303929846075840E-013
        800, 7.79582017711175302E-013
        801, 7.91282712075096532E-013
        802, 7.20183658729184552E-013
        803, 7.55373235341159770E-013
        804, 8.27793231822982817E-013
        805, 7.94217116452006405E-013
        806, 8.27268472133060554E-013
        807, 8.34613683829326177E-013
        808, 8.69043835671160307E-013
        809, 7.93525851799478795E-013
        810, 7.35502410284127053E-013
        811, 8.33957432336525407E-013
        812, 7.57256401871608104E-013
        813, 8.78572653120579732E-013
        814, 7.75171727692859528E-013
        815, 8.37507463815634684E-013
        816, 7.86987083704135819E-013
        817, 8.12026294651969883E-013
        818, 7.46585314648994706E-013
        819, 7.63972199928644548E-013
        820, 7.44109294423265184E-013
        821, 8.19504005497326310E-013
        822, 7.54713580187956810E-013
        823, 7.85325549556950980E-013
        824, 8.07731974964028813E-013
        825, 8.55257084214215926E-013
        826, 8.18160799057403031E-013
        827, 7.73043973764210722E-013
        828, 8.00830612767990647E-013
        829, 8.81688493429994791E-013
        830, 8.25237286661314059E-013
        831, 7.77913978762110662E-013
        832, 8.19636262668468471E-013
        833, 7.63770569603234087E-013
        834, 9.84506074835879539E-013
        835, 8.05713033020890334E-013
        836, 7.82506869895210328E-013
        837, 8.31541600361172505E-013
        838, 7.67846321671030006E-013
        839, 8.92165430000885091E-013
        840, 8.56324682804416973E-013
        841, 8.22297868403731332E-013
        842, 7.71946507661155342E-013
        843, 8.41438779526575556E-013
        844, 8.17307623354146679E-013
        845, 8.07681678476015292E-013
        846, 8.13893939976948854E-013
        847, 8.52077149597248477E-013
        848, 8.86741368646966030E-013
        849, 8.20158049300718551E-013
        850, 8.61625281880048021E-013
        851, 9.40959838624891890E-013
        852, 7.82083980683629386E-013
        853, 8.38394590966374823E-013
        854, 8.69943761969382598E-013
        855, 9.02487838821896403E-013
        856, 8.30524816854866041E-013
        857, 9.55527602494687564E-013
        858, 8.77220374214836857E-013
        859, 8.56772624494563256E-013
        860, 8.64918410573894400E-013
        861, 9.11973857403073623E-013
        862, 1.02395984450546805E-012
        863, 8.87042142520353055E-013
        864, 8.98594275676795658E-013
        865, 8.08945668781957954E-013
        866, 8.55361587388729879E-013
        867, 8.48549873151541715E-013
        868, 8.28394707988632227E-013
        869, 9.18943556569356293E-013
        870, 9.14488326915833215E-013
        871, 8.92008006629296251E-013
        872, 1.03774599638295507E-012
        873, 9.05720387784788756E-013
        874, 9.43114933806050723E-013
        875, 8.50553265394179766E-013
        876, 1.00371886099343858E-012
        877, 9.98046487481792500E-013
        878, 9.59506273146295809E-013
        879, 1.06755215118349922E-012
        880, 9.20760701574133800E-013
        881, 9.35293146250962350E-013
        882, 8.97836229490175756E-013
        883, 1.00003110628651627E-012
        884, 9.71764296231466860E-013
        885, 9.93780696102070733E-013
        886, 8.86429769927040205E-013
        887, 9.78708959310362663E-013
        888, 1.00648432771279520E-012
        889, 1.00213931462706931E-012
        890, 8.73426839958098393E-013
        891, 8.86734609483643120E-013
        892, 1.00497394109447050E-012
        893, 1.05545806573444999E-012
        894, 8.67584366162727499E-013
        895, 9.87510759830005109E-013
        896, 1.11676414402660644E-012
        897, 8.97291258715233722E-013
        898, 1.05898853499554780E-012
        899, 9.35117981568585305E-013
        900, 9.75945277129392103E-013
        901, 1.04378858725635647E-012
        902, 1.01723472856341572E-012
        903, 1.03271839249996222E-012
        904, 9.23233853453569021E-013
        905, 9.14428432541847984E-013
        906, 8.65457418957119133E-013
        907, 9.72478325744348203E-013
        908, 1.03683623930378113E-012
        909, 1.09640914933318144E-012
        910, 1.00287493931610974E-012
        911, 1.06788610256313038E-012
        912, 1.13795932410646232E-012
        913, 9.83271704208869522E-013
        914, 1.02696298447473656E-012
        915, 1.04853265165894090E-012
        916, 1.10924490968275131E-012
        917, 9.36625396717542138E-013
        918, 1.01579795240050884E-012
        919, 9.67593438424339483E-013
        920, 9.65893024594845246E-013
        921, 1.04430163414732110E-012
        922, 1.00615714109499660E-012
        923, 1.07876817692962094E-012
        924, 1.11547451847298646E-012
        925, 1.10202210085186677E-012
        926, 1.00974739754650912E-012
        927, 1.05915788416920873E-012
        928, 9.23376728409307670E-013
        929, 1.05144587983612515E-012
        930, 9.71361938322777654E-013
        931, 1.07963841715088431E-012
        932, 9.85761082136104357E-013
        933, 1.05200588917496130E-012
        934, 1.03526884089191168E-012
        935, 1.07812059187561781E-012
        936, 1.10815045488298159E-012
        937, 1.04565320595374406E-012
        938, 1.05214522474878144E-012
        939, 1.09887752704646306E-012
        940, 1.10197479429459518E-012
        941, 1.03881246121980724E-012
        942, 1.09839391424558713E-012
        943, 1.09378656682710615E-012
        944, 1.09285639938477492E-012
        945, 1.14496878310844140E-012
        946, 1.14416621982943839E-012
        947, 1.10230684414228270E-012
        948, 1.06546616492661784E-012
        949, 1.19156556313518666E-012
        950, 1.28039435588737364E-012
        951, 1.26293939156183861E-012
        952, 1.33525216271304407E-012
        953, 1.26145715123850519E-012
        954, 1.36107370326684935E-012
        955, 1.12204264137785830E-012
        956, 1.30488063156977190E-012
        957, 1.28362439932907156E-012
        958, 1.22082480876290078E-012
        959, 1.16620679302828522E-012
        960, 1.30219042492384220E-012
        961, 1.29322970486921701E-012
        962, 1.34044782539775832E-012
        963, 1.20281719064523504E-012
        964, 1.14592549254758733E-012
        965, 1.37126646706945986E-012
        966, 1.24666616521801773E-012
        967, 1.25962695540085267E-012
        968, 1.23589507712102074E-012
        969, 1.28933284462455078E-012
        970, 1.28541070429004489E-012
        971, 1.45601778350770832E-012
        972, 1.34022819759051073E-012
        973, 1.30797725727001980E-012
        974, 1.39096025030967787E-012
        975, 1.29280217184388202E-012
        976, 1.46216709912594955E-012
        977, 1.41019581835558651E-012
        978, 1.38655496218181094E-012
        979, 1.45667584868302753E-012
        980, 1.30619478005654745E-012
        981, 1.47980021257897488E-012
        982, 1.54082979249211263E-012
        983, 1.33120142715797370E-012
        984, 1.44525392342258371E-012
        985, 1.40382180695599280E-012
        986, 1.40615664970381524E-012
        987, 1.51054823711708470E-012
        988, 1.40127234436997761E-012
        989, 1.46682429300122308E-012
        990, 1.44789078486184946E-012
        991, 1.77970437945926251E-012
        992, 1.51400347318333911E-012
        993, 1.41744844958315640E-012
        994, 1.42704777619718479E-012
        995, 1.71699123720613868E-012
        996, 1.35869699043919580E-012
        997, 1.62988073325308504E-012
        998, 1.45154472899120582E-012
        999, 1.58475822180656887E-012
       1000, 1.67538053562431342E-012
       1001, 1.48905026700824677E-012
       1002, 1.74667739922521581E-012
       1003, 1.43458996500364633E-012
       1004, 1.67784408285117386E-012
       1005, 1.68379035549191284E-012
       1006, 1.65839855841064126E-012
       1007, 1.88277187772606977E-012
       1008, 1.62439661588885041E-012
       1009, 1.38976814174135766E-012
       1010, 1.67263527450948627E-012
       1011, 1.60385651898139691E-012
       1012, 1.63604631136045690E-012
       1013, 1.39747368814172778E-012
       1014, 1.76945809728509562E-012
       1015, 1.55891206641807572E-012
       1016, 1.94817218060854003E-012
       1017, 1.73523568695505834E-012
       1018, 1.65239804843638206E-012
       1019, 1.82747876762079113E-012
       1020, 1.85960252233598700E-012
       1021, 2.10974279407370878E-012
       1022, 2.52340508584388308E-012
       1023, 2.12707779332355608E-012
       1024, 2.41861458012238193E-012
       1025, 4.21777958619628075E-013
       1026, 4.45544169947148623E-013
       1027, 4.73212754406930964E-013
       1028, 4.15475495682052115E-013
       1029, 4.28122111951852445E-013
       1030, 4.02237985768584215E-013
       1031, 4.35186407092340608E-013
       1032, 4.73836963074847099E-013
       1033, 4.23713299549178696E-013
       1034, 4.24400677083331694E-013
       1035, 3.95833636413261198E-013
       1036, 4.30631504093744883E-013
       1037, 4.11876508707051112E-013
       1038, 4.27586244217535923E-013
       1039, 3.80852335104648347E-013
       1040, 4.72269542547022617E-013
       1041, 4.52400027032123751E-013
       1042, 4.01487525293155378E-013
       1043, 3.97963904820619417E-013
       1044, 3.82133405758121881E-013
       1045, 4.09384962296564769E-013
       1046, 3.87540015074056607E-013
       1047, 4.39897132653414129E-013
       1048, 4.19797038373330662E-013
       1049, 3.74404669955343990E-013
       1050, 4.60913976715377382E-013
       1051, 3.96922888904535201E-013
       1052, 4.17214887046404919E-013
       1053, 4.29565137098949958E-013
       1054, 4.22446824134762836E-013
       1055, 4.23086751937732037E-013
       1056, 4.20284956561866211E-013
       1057, 4.20049168890673450E-013
       1058, 4.27720561179664283E-013
       1059, 4.51607216011775134E-013
       1060, 4.31496870286408056E-013
       1061, 4.17954172475734857E-013
       1062, 3.96082502977390312E-013
       1063, 4.29844410999698879E-013
       1064, 4.00431444136215562E-013
       1065, 3.85381446570102606E-013
       1066, 4.06793837404639788E-013
       1067, 3.92730215912821752E-013
       1068, 3.89211847284688835E-013
       1069, 3.83974838589586339E-013
       1070, 4.23361617337714010E-013
       1071, 4.46543174438959397E-013
       1072, 4.34115142355594970E-013
       1073, 4.05621633462324209E-013
       1074, 4.56393623859946610E-013
       1075, 4.30464374576818475E-013
       1076, 4.48837675172253501E-013
       1077, 4.16083057757902726E-013
       1078, 3.96213553105899637E-013
       1079, 4.20655060950021632E-013
       1080, 4.14992976198679454E-013
       1081, 4.23836114179138947E-013
       1082, 3.97240180210882916E-013
       1083, 4.72982833019906491E-013
       1084, 3.76211144160525258E-013
       1085, 4.01981635361563740E-013
       1086, 3.85361458397757162E-013
       1087, 4.85226653032267348E-013
       1088, 4.28344975555582962E-013
       1089, 4.23061793829243683E-013
       1090, 4.02190800966124977E-013
       1091, 3.98227245306119578E-013
       1092, 4.15148749669107094E-013
       1093, 4.01576088150320527E-013
       1094, 4.18349385241273255E-013
       1095, 3.91091061909566981E-013
       1096, 4.14693243950024912E-013
       1097, 4.10685918611392728E-013
       1098, 4.24404793788159542E-013
       1099, 4.31713814199233213E-013
       1100, 4.02802808537390486E-013
       1101, 4.18407312236741586E-013
       1102, 4.07430242709058631E-013
       1103, 4.05769888463976598E-013
       1104, 4.36870658397851212E-013
       1105, 4.19683141908235951E-013
       1106, 4.58747293655831053E-013
       1107, 3.96173778702523102E-013
       1108, 4.18751559422832637E-013
       1109, 4.48419920316498453E-013
       1110, 4.21624145923785609E-013
       1111, 4.04641963039032016E-013
       1112, 4.44008923753164095E-013
       1113, 4.01180434406198110E-013
       1114, 3.80231323417719602E-013
       1115, 4.25913466826770929E-013
       1116, 4.17440570331919017E-013
       1117, 4.48984164919109897E-013
       1118, 4.32111657902584241E-013
       1119, 4.03323838175977546E-013
       1120, 4.17202194704045636E-013
       1121, 4.29932116527767852E-013
       1122, 3.81768024369593022E-013
       1123, 4.57379802818045011E-013
       1124, 4.43392978888502947E-013
       1125, 4.65177749282959270E-013
       1126, 4.49679310054169469E-013
       1127, 4.13878336570559486E-013
       1128, 3.91983463703195686E-013
       1129, 4.19443411225821242E-013
       1130, 3.95889203889176942E-013
       1131, 4.18533455203575490E-013
       1132, 4.85111377584004621E-013
       1133, 4.41245036811365704E-013
       1134, 4.45692569530557404E-013
       1135, 4.16591837996109898E-013
       1136, 4.56167177157698355E-013
       1137, 4.75094474592456035E-013
       1138, 4.37645785163266014E-013
       1139, 4.63749793981669944E-013
       1140, 4.15676124581458309E-013
       1141, 4.23215368298814568E-013
       1142, 4.15547889250481666E-013
       1143, 4.11762392270777077E-013
       1144, 4.54672295909008781E-013
       1145, 3.91397700290804234E-013
       1146, 4.21464086583846672E-013
       1147, 4.22046277771042303E-013
       1148, 4.36021059368468029E-013
       1149, 4.39391329849469849E-013
       1150, 4.20636556154042651E-013
       1151, 4.00928647131797692E-013
       1152, 4.49300441290726424E-013
       1153, 3.94455938809130596E-013
       1154, 4.16927733112878316E-013
       1155, 4.36029699079646801E-013
       1156, 4.44450067830759071E-013
       1157, 4.14315354176328927E-013
       1158, 4.33831760960629692E-013
       1159, 3.78955792016887766E-013
       1160, 4.17503789945303111E-013
       1161, 4.46271213574807074E-013
       1162, 4.46275070235194332E-013
       1163, 4.62133708979087541E-013
       1164, 4.38193442353637077E-013
       1165, 3.81952322863206920E-013
       1166, 4.53620908989355271E-013
       1167, 4.76470337842098840E-013
       1168, 4.42815010849067126E-013
       1169, 4.50240262036345534E-013
       1170, 4.67923913468290563E-013
       1171, 4.55549789518733064E-013
       1172, 4.37948682234077259E-013
       1173, 4.53983075233343045E-013
       1174, 4.07467406768245513E-013
       1175, 4.56754552363258997E-013
       1176, 4.51082667069400537E-013
       1177, 4.05368145496120271E-013
       1178, 4.71950543492641750E-013
       1179, 4.57114296289952596E-013
       1180, 4.48165414698179239E-013
       1181, 5.06993588230960579E-013
       1182, 4.02363588444228098E-013
       1183, 4.48438289186408745E-013
       1184, 4.21743672094146496E-013
       1185, 4.45879389149420572E-013
       1186, 4.18633637879262547E-013
       1187, 4.73875179077809718E-013
       1188, 4.07428135118149629E-013
       1189, 4.23494570084535161E-013
       1190, 4.51035456878846811E-013
       1191, 4.36953370749112017E-013
       1192, 4.35609577095017721E-013
       1193, 4.34632074772436851E-013
       1194, 4.51567477929690986E-013
       1195, 4.42125149847438373E-013
       1196, 4.44413910751955833E-013
       1197, 4.62123137390187278E-013
       1198, 4.41195836920236206E-013
       1199, 4.34603565547309267E-013
       1200, 4.45474878228912048E-013
       1201, 4.25053483329081393E-013
       1202, 4.74741129783138164E-013
       1203, 4.79815400438199878E-013
       1204, 4.53261680342649148E-013
       1205, 3.90701387945036785E-013
       1206, 4.18524859581093883E-013
       1207, 4.68719374276519067E-013
       1208, 4.41977263719944472E-013
       1209, 5.25912178192770016E-013
       1210, 4.14467030843254687E-013
       1211, 4.49703821135170021E-013
       1212, 4.79799880223921797E-013
       1213, 4.09420065496406811E-013
       1214, 4.64512368478241645E-013
       1215, 4.36392889424389875E-013
       1216, 4.67415143610461805E-013
       1217, 4.68650415263610894E-013
       1218, 4.77372277787880095E-013
       1219, 4.91378045263517221E-013
       1220, 4.37612689376824672E-013
       1221, 4.28027788998743813E-013
       1222, 4.42947564179185733E-013
       1223, 4.43142424371269230E-013
       1224, 4.91756667594095987E-013
       1225, 4.66173604162740974E-013
       1226, 4.54132341454660279E-013
       1227, 4.30995841881771899E-013
       1228, 4.58739729151536559E-013
       1229, 4.25709554703832481E-013
       1230, 4.74210289361981762E-013
       1231, 4.79190013552092665E-013
       1232, 4.39819332931922844E-013
       1233, 4.93938866898714220E-013
       1234, 5.03629269856224042E-013
       1235, 4.40012786984825365E-013
       1236, 4.63328453162346338E-013
       1237, 4.91815896437481508E-013
       1238, 5.17735242951668477E-013
       1239, 4.54489848843823020E-013
       1240, 5.20899128516774360E-013
       1241, 4.92991993446905597E-013
       1242, 4.71433806867358776E-013
       1243, 5.31687441967487443E-013
       1244, 4.91101601758121110E-013
       1245, 5.17334569777817743E-013
       1246, 4.62506968859591316E-013
       1247, 4.97608621151185207E-013
       1248, 4.58888378028689751E-013
       1249, 4.36518644945549389E-013
       1250, 4.73797706470049278E-013
       1251, 4.95170279663757442E-013
       1252, 4.77112026272965361E-013
       1253, 4.82394083790560105E-013
       1254, 4.65386388579277974E-013
       1255, 4.54939645683164485E-013
       1256, 5.01252304128001655E-013
       1257, 4.84136867918367743E-013
       1258, 4.90519425017774776E-013
       1259, 4.81716213195693656E-013
       1260, 4.88575451221778605E-013
       1261, 4.75182815304535075E-013
       1262, 4.49900663032311232E-013
       1263, 4.65440046893663980E-013
       1264, 4.61710980293742477E-013
       1265, 4.85552276649820806E-013
       1266, 4.76148822107682687E-013
       1267, 4.42802316486850320E-013
       1268, 4.10950063869519296E-013
       1269, 4.96578634621688755E-013
       1270, 4.85616195084278708E-013
       1271, 4.99639492991897743E-013
       1272, 4.64723412341398027E-013
       1273, 5.11400322538425615E-013
       1274, 5.06339493300607931E-013
       1275, 5.32916413346040941E-013
       1276, 4.73897281055163499E-013
       1277, 4.18634239019790619E-013
       1278, 5.43387946113424237E-013
       1279, 4.75763174853131719E-013
       1280, 4.91116818818906420E-013
       1281, 5.21807307854630863E-013
       1282, 4.68040877787806361E-013
       1283, 4.68300245308068267E-013
       1284, 4.30774555252197024E-013
       1285, 4.63293047342618953E-013
       1286, 4.56947591148056138E-013
       1287, 4.83404248785276455E-013
       1288, 4.94564673268576215E-013
       1289, 5.14851720193373275E-013
       1290, 4.81901547878647541E-013
       1291, 4.99479779123416270E-013
       1292, 4.47761821430318875E-013
       1293, 5.11905191575587273E-013
       1294, 4.80638583456777670E-013
       1295, 4.75423723578663124E-013
       1296, 4.75101253177529080E-013
       1297, 5.01649229951034470E-013
       1298, 4.53364410087650802E-013
       1299, 5.13794232812848810E-013
       1300, 5.40616824974154299E-013
       1301, 4.75083318533043136E-013
       1302, 4.57525203809473810E-013
       1303, 4.68126258733201556E-013
       1304, 4.71830035913281733E-013
       1305, 4.80729503184193526E-013
       1306, 5.26403134703252722E-013
       1307, 5.03187935926566887E-013
       1308, 4.84627130103298647E-013
       1309, 5.06741909445612680E-013
       1310, 4.74512232812345400E-013
       1311, 5.08083943363286850E-013
       1312, 5.39478603967543777E-013
       1313, 4.84135365834060454E-013
       1314, 4.71644015469932305E-013
       1315, 5.02486645817257731E-013
       1316, 4.92380992489580549E-013
       1317, 5.01365138569271532E-013
       1318, 4.68964764906203956E-013
       1319, 4.49757890175383401E-013
       1320, 5.02101639785147822E-013
       1321, 5.18278171034221136E-013
       1322, 4.71301851541216083E-013
       1323, 5.26167820326710172E-013
       1324, 5.23082024624456757E-013
       1325, 4.77951104699992305E-013
       1326, 4.61194259445480708E-013
       1327, 4.75030955593843011E-013
       1328, 5.39677617590247865E-013
       1329, 5.07672060405341274E-013
       1330, 5.23570046163800657E-013
       1331, 5.36370147376500713E-013
       1332, 5.47872832828656514E-013
       1333, 4.99470913271140250E-013
       1334, 4.96127675564437372E-013
       1335, 4.99882719052407761E-013
       1336, 5.01750298158819376E-013
       1337, 5.16593724055475308E-013
       1338, 5.31377810144747955E-013
       1339, 5.12672468380859935E-013
       1340, 5.14018731175819044E-013
       1341, 4.73583706716594697E-013
       1342, 5.31261823893232182E-013
       1343, 4.28587449539342578E-013
       1344, 5.10831660108535027E-013
       1345, 4.62654298452416878E-013
       1346, 4.83566242660700857E-013
       1347, 5.32624407134720380E-013
       1348, 5.04719113885123414E-013
       1349, 4.81902543957462543E-013
       1350, 5.07485864379566727E-013
       1351, 6.03660800111380528E-013
       1352, 4.76881122554019080E-013
       1353, 4.88286716974179597E-013
       1354, 5.28511833583642796E-013
       1355, 5.04105168449885704E-013
       1356, 4.95148620802348873E-013
       1357, 4.26702834159893166E-013
       1358, 5.36312409055084810E-013
       1359, 4.64535853101076978E-013
       1360, 5.06245999549854714E-013
       1361, 4.88092373223792860E-013
       1362, 5.22003419719363238E-013
       1363, 4.08892763109168808E-013
       1364, 5.37029649983602078E-013
       1365, 5.56897339285062586E-013
       1366, 4.86350021358317620E-013
       1367, 5.15382899852279829E-013
       1368, 5.29385234926351022E-013
       1369, 5.00949199231132434E-013
       1370, 5.00532015131037910E-013
       1371, 5.65500580761749773E-013
       1372, 5.15093842266992265E-013
       1373, 5.02122716246280230E-013
       1374, 5.67839875225407687E-013
       1375, 5.09475903551673759E-013
       1376, 4.53992570226060723E-013
       1377, 4.97054093488490694E-013
       1378, 5.00112663576210140E-013
       1379, 5.55066806270561326E-013
       1380, 5.13092752703875365E-013
       1381, 5.36003626843779235E-013
       1382, 5.67276740537864539E-013
       1383, 5.07289642230244394E-013
       1384, 5.31681915507960817E-013
       1385, 5.12854445217837269E-013
       1386, 5.56995102146830703E-013
       1387, 5.16229317519026429E-013
       1388, 5.80008730054553615E-013
       1389, 4.93003339661116714E-013
       1390, 5.05665760099885958E-013
       1391, 4.90182347875235116E-013
       1392, 5.50471791983322553E-013
       1393, 5.21313656201125679E-013
       1394, 5.12788689395791970E-013
       1395, 4.77606565203256692E-013
       1396, 5.19537586414992629E-013
       1397, 5.25599235669021947E-013
       1398, 5.70039355539713472E-013
       1399, 5.62334142439863602E-013
       1400, 5.15843421596052430E-013
       1401, 5.74982729438042189E-013
       1402, 5.51711041091318298E-013
       1403, 5.70203963012337313E-013
       1404, 5.20714297136744570E-013
       1405, 5.29439742062605942E-013
       1406, 5.19985840472908436E-013
       1407, 5.62728231488541193E-013
       1408, 5.63858390860969186E-013
       1409, 5.50989740835227478E-013
       1410, 5.61876623760865060E-013
       1411, 5.44830364963502514E-013
       1412, 5.14069414198711933E-013
       1413, 5.35791405678475132E-013
       1414, 5.33893768259769789E-013
       1415, 5.27973674026467713E-013
       1416, 5.10504512526273158E-013
       1417, 6.16059492638775756E-013
       1418, 5.57649371649340335E-013
       1419, 5.60618974091841922E-013
       1420, 5.43068588094733288E-013
       1421, 5.02783383685595284E-013
       1422, 4.86952926682234983E-013
       1423, 5.69064324307731791E-013
       1424, 5.13409520606123476E-013
       1425, 5.62046937148996189E-013
       1426, 5.93698414312663498E-013
       1427, 5.41364170398790994E-013
       1428, 5.38548368031402827E-013
       1429, 5.18709999327716851E-013
       1430, 5.62109633410249625E-013
       1431, 5.49007117908484841E-013
       1432, 5.89078209102411602E-013
       1433, 5.11013530663914646E-013
       1434, 5.60661178893487775E-013
       1435, 5.69223327264874511E-013
       1436, 5.52914220845015166E-013
       1437, 5.38440203942504247E-013
       1438, 5.82866732597298444E-013
       1439, 5.51475604000691418E-013
       1440, 4.61481584785543182E-013
       1441, 5.74936086919881874E-013
       1442, 5.62359840346450006E-013
       1443, 5.33863580549320422E-013
       1444, 5.75736900183070010E-013
       1445, 5.10199864498398898E-013
       1446, 5.63913577346505018E-013
       1447, 5.63278145053288525E-013
       1448, 5.72891586803553206E-013
       1449, 5.42475655953589282E-013
       1450, 5.56869273078910302E-013
       1451, 5.26796806223433195E-013
       1452, 5.41977805315097818E-013
       1453, 5.08857809398847745E-013
       1454, 5.41885956078725564E-013
       1455, 5.83119705255881754E-013
       1456, 5.85888695680829274E-013
       1457, 5.39984741271241111E-013
       1458, 5.62186282561345040E-013
       1459, 5.46410138119305813E-013
       1460, 4.80555914777673005E-013
       1461, 5.67499660652967046E-013
       1462, 5.54123933720293023E-013
       1463, 5.39648267903291016E-013
       1464, 5.61370682372862189E-013
       1465, 6.11136097272674882E-013
       1466, 6.20713582636279415E-013
       1467, 5.17744529215279747E-013
       1468, 5.13043250855999517E-013
       1469, 5.65264240038059094E-013
       1470, 6.09017911568099019E-013
       1471, 5.52813105238088328E-013
       1472, 5.59049590789163133E-013
       1473, 5.02435983579863783E-013
       1474, 5.65213738859332203E-013
       1475, 5.46510230625108358E-013
       1476, 6.22772773591600372E-013
       1477, 5.32518943788196855E-013
       1478, 5.76105148397705698E-013
       1479, 5.76374656038085111E-013
       1480, 5.29337135317313315E-013
       1481, 5.77402602706466130E-013
       1482, 6.19007659695971591E-013
       1483, 6.00904153089477852E-013
       1484, 5.59537256280576085E-013
       1485, 5.32210756892935667E-013
       1486, 5.72856206096434783E-013
       1487, 5.20283905279108988E-013
       1488, 5.73450817203226491E-013
       1489, 5.89542684343125541E-013
       1490, 5.44755812906839272E-013
       1491, 6.20533269721909503E-013
       1492, 5.49391869101945775E-013
       1493, 5.88353254321687475E-013
       1494, 5.38419506634247871E-013
       1495, 5.48239571673239369E-013
       1496, 6.34234011166301427E-013
       1497, 5.31275173197281302E-013
       1498, 6.57790112782720409E-013
       1499, 5.14248163326249736E-013
       1500, 5.76613663449993808E-013
       1501, 5.72686193067980174E-013
       1502, 6.15194672265053522E-013
       1503, 5.66620753880792253E-013
       1504, 5.93477410197465754E-013
       1505, 5.33530772383803309E-013
       1506, 5.47887926460730598E-013
       1507, 5.52431034806296627E-013
       1508, 6.09489131985027688E-013
       1509, 5.18702523006541520E-013
       1510, 5.66272434256436060E-013
       1511, 6.21445721292482789E-013
       1512, 5.64188411316487039E-013
       1513, 5.78171948964280878E-013
       1514, 6.33800283894172035E-013
       1515, 6.03167382996238905E-013
       1516, 5.79916582496572656E-013
       1517, 6.04905260687051112E-013
       1518, 5.85144072350534438E-013
       1519, 5.93091473362211158E-013
       1520, 5.01533254687893088E-013
       1521, 5.61926953304355787E-013
       1522, 5.50292565968307255E-013
       1523, 5.88910036046505110E-013
       1524, 5.65190251099503254E-013
       1525, 5.17941091352518814E-013
       1526, 5.57115771322975420E-013
       1527, 5.27451068496088621E-013
       1528, 5.83662216536857801E-013
       1529, 4.96389354371102860E-013
       1530, 5.73764848323409451E-013
       1531, 5.68789692800461652E-013
       1532, 6.05043631488280009E-013
       1533, 6.02856432464297078E-013
       1534, 6.44007851668308155E-013
       1535, 5.17834748309676150E-013
       1536, 6.31614759993795209E-013
       1537, 5.75250943817321149E-013
       1538, 5.95651718516520875E-013
       1539, 5.83007745528159999E-013
       1540, 5.70571934471266443E-013
       1541, 5.95361642711833845E-013
       1542, 5.52145568325794470E-013
       1543, 6.06098248314060319E-013
       1544, 5.70301977774553336E-013
       1545, 5.90554801793596348E-013
       1546, 5.86736980889865086E-013
       1547, 6.88095491901162262E-013
       1548, 6.15347577904576676E-013
       1549, 6.20436750466799438E-013
       1550, 5.76502079062771394E-013
       1551, 5.94421166483312645E-013
       1552, 6.09466259587862681E-013
       1553, 6.21975598041563189E-013
       1554, 6.35038601752954639E-013
       1555, 5.67384716745131542E-013
       1556, 5.92468774054334750E-013
       1557, 5.80926064285788005E-013
       1558, 5.88660289991477802E-013
       1559, 5.66697600380170399E-013
       1560, 5.81708244570062081E-013
       1561, 5.98336918106978743E-013
       1562, 6.17882355402308838E-013
       1563, 5.95406740351839780E-013
       1564, 5.62189705166701351E-013
       1565, 6.17105540904380791E-013
       1566, 6.49203792085763064E-013
       1567, 5.57196271480075034E-013
       1568, 5.41261667435425943E-013
       1569, 6.28899104930012164E-013
       1570, 6.72619977833740238E-013
       1571, 6.51079732629298160E-013
       1572, 6.35474578297612697E-013
       1573, 5.59058916629931268E-013
       1574, 5.84169698699891345E-013
       1575, 6.37622057982562245E-013
       1576, 6.28802469257734020E-013
       1577, 5.87770323943272339E-013
       1578, 6.03591083527383700E-013
       1579, 6.05111343178294000E-013
       1580, 6.12535008465491672E-013
       1581, 5.90274731894033892E-013
       1582, 6.11095442122437616E-013
       1583, 5.84518945648813608E-013
       1584, 6.29252325202776581E-013
       1585, 5.83250311456192420E-013
       1586, 5.72881444552747890E-013
       1587, 5.67547082962588976E-013
       1588, 6.51201102443182065E-013
       1589, 5.97786989351322802E-013
       1590, 5.84980471547325171E-013
       1591, 5.78509918642619475E-013
       1592, 6.47156244943246296E-013
       1593, 6.17821610206531194E-013
       1594, 6.01026069523749074E-013
       1595, 5.60360176204520725E-013
       1596, 6.52568568528296408E-013
       1597, 6.32351241007525429E-013
       1598, 5.72058436791863213E-013
       1599, 6.36510150539526501E-013
       1600, 5.70673896448449715E-013
       1601, 6.27027683207830567E-013
       1602, 6.69007605190472639E-013
       1603, 5.48283884255316682E-013
       1604, 5.95855136867511438E-013
       1605, 5.86332929344021239E-013
       1606, 6.87023439293424402E-013
       1607, 6.11642048559424249E-013
       1608, 6.63219204949431477E-013
       1609, 6.41403501073073352E-013
       1610, 5.90988248219666790E-013
       1611, 6.20821075201953934E-013
       1612, 6.73912097324219760E-013
       1613, 5.62814240888866502E-013
       1614, 5.92615771780326226E-013
       1615, 6.57619998738868522E-013
       1616, 6.13702794840811916E-013
       1617, 5.78658645867239868E-013
       1618, 5.61877506110925412E-013
       1619, 5.93192096434378920E-013
       1620, 6.16410976335744979E-013
       1621, 6.07413362267772028E-013
       1622, 6.12430916852447848E-013
       1623, 5.55505044260813199E-013
       1624, 6.34663623300698509E-013
       1625, 6.32132202979127540E-013
       1626, 6.23075616083294511E-013
       1627, 5.89532417360498126E-013
       1628, 5.94887761589885669E-013
       1629, 5.93376762479758906E-013
       1630, 6.41971697582383019E-013
       1631, 6.16270535980120920E-013
       1632, 5.87957279469124162E-013
       1633, 6.05876039688871942E-013
       1634, 6.56846042470622518E-013
       1635, 6.16220706171968229E-013
       1636, 6.36245864885947218E-013
       1637, 5.84589554691977430E-013
       1638, 6.50904317891734029E-013
       1639, 6.12963401345580508E-013
       1640, 6.83804908514140233E-013
       1641, 6.81426642318766541E-013
       1642, 6.59470784563364196E-013
       1643, 5.97742555694260944E-013
       1644, 6.24593251429422852E-013
       1645, 6.01285716318930021E-013
       1646, 6.19174953897802583E-013
       1647, 6.47692698784834101E-013
       1648, 7.03761955844591270E-013
       1649, 5.63866897587349955E-013
       1650, 5.94884687077387917E-013
       1651, 5.95450113756418503E-013
       1652, 6.46987865102012263E-013
       1653, 6.59117803448575210E-013
       1654, 6.40881445501086444E-013
       1655, 7.82687941809677221E-013
       1656, 6.12860234108602313E-013
       1657, 5.90301301655642448E-013
       1658, 6.25781096935770020E-013
       1659, 6.71131584714974357E-013
       1660, 6.39150745906351091E-013
       1661, 5.97217441171776776E-013
       1662, 6.08706346643824274E-013
       1663, 6.95207990945451379E-013
       1664, 6.41181873640641524E-013
       1665, 6.06530674116862848E-013
       1666, 6.59403286267327895E-013
       1667, 6.31468984247949777E-013
       1668, 6.51306584265084767E-013
       1669, 5.85919623255226962E-013
       1670, 5.84845570716976168E-013
       1671, 6.17281234586900385E-013
       1672, 6.69167684706462885E-013
       1673, 6.12571390268065688E-013
       1674, 6.16527594130980007E-013
       1675, 6.65159850300731427E-013
       1676, 6.25147994093073331E-013
       1677, 7.02530094385163528E-013
       1678, 6.37018027315894696E-013
       1679, 6.00972123324227730E-013
       1680, 6.14274977928552897E-013
       1681, 6.41186130475727347E-013
       1682, 6.75145275887159189E-013
       1683, 6.85760371309645286E-013
       1684, 5.97602661126272137E-013
       1685, 6.52873647810244317E-013
       1686, 6.52596295074697689E-013
       1687, 6.54724769048265847E-013
       1688, 6.91409635576560690E-013
       1689, 6.53069868737032579E-013
       1690, 6.65553333940772722E-013
       1691, 5.99766781145040593E-013
       1692, 6.27089269205351001E-013
       1693, 5.97657472630099834E-013
       1694, 6.68503763937234372E-013
       1695, 7.02445033082347087E-013
       1696, 6.39933148437140462E-013
       1697, 6.04009258772317079E-013
       1698, 6.23003533265116672E-013
       1699, 6.43302854589801990E-013
       1700, 6.34909153233698806E-013
       1701, 6.52247407636014413E-013
       1702, 6.43491653463341874E-013
       1703, 6.70747341041090452E-013
       1704, 7.07568696394700221E-013
       1705, 6.25801872475987296E-013
       1706, 6.55253591336104325E-013
       1707, 6.91737368419835114E-013
       1708, 6.71592752100395794E-013
       1709, 6.42192767662993592E-013
       1710, 6.85344128368823548E-013
       1711, 6.31053092845937423E-013
       1712, 6.51516978728056073E-013
       1713, 6.35762645682473363E-013
       1714, 6.91549730818967778E-013
       1715, 6.81147709475164959E-013
       1716, 6.94102381001248657E-013
       1717, 7.15123412584428400E-013
       1718, 5.88202569914964467E-013
       1719, 7.27445051892169861E-013
       1720, 6.41230109761006022E-013
       1721, 6.72524746648420124E-013
       1722, 6.65494558745703397E-013
       1723, 6.91155713724986637E-013
       1724, 6.48354432680070265E-013
       1725, 6.90813271453094905E-013
       1726, 6.36177567903827688E-013
       1727, 6.62523479384975077E-013
       1728, 6.73666602715584930E-013
       1729, 7.27614727970115751E-013
       1730, 6.91558643359068160E-013
       1731, 6.28088113333418014E-013
       1732, 6.74483200208299567E-013
       1733, 6.67870809866796460E-013
       1734, 6.78422453123866316E-013
       1735, 6.39523132540199177E-013
       1736, 6.12016755791443256E-013
       1737, 6.64636130666706070E-013
       1738, 6.73554394634390678E-013
       1739, 6.94242486379507120E-013
       1740, 6.71897079281392361E-013
       1741, 7.23157182779827638E-013
       1742, 6.81727019582882686E-013
       1743, 6.46338427402775553E-013
       1744, 6.80433485949451005E-013
       1745, 6.12516950798188453E-013
       1746, 6.56171487757473870E-013
       1747, 6.54567807411035587E-013
       1748, 6.03295411204708005E-013
       1749, 6.83135666837667051E-013
       1750, 6.43049132013075301E-013
       1751, 6.55211130295033149E-013
       1752, 6.74321208224086412E-013
       1753, 6.62787532660375897E-013
       1754, 6.04068992542966675E-013
       1755, 6.71928107117845812E-013
       1756, 6.52388183672424546E-013
       1757, 7.17138934139025629E-013
       1758, 7.05841905753173069E-013
       1759, 6.17947952712749356E-013
       1760, 6.89711655246527472E-013
       1761, 6.77719986012640459E-013
       1762, 6.81901142173662855E-013
       1763, 6.83285272774908899E-013
       1764, 7.01105446764265967E-013
       1765, 6.61314578687296472E-013
       1766, 6.83985124612701970E-013
       1767, 6.74687512329135811E-013
       1768, 6.27196742737364658E-013
       1769, 7.54471530589145285E-013
       1770, 7.60615737106099165E-013
       1771, 6.97614121263601698E-013
       1772, 7.45914874226330851E-013
       1773, 6.97965160505884575E-013
       1774, 7.01072293449031033E-013
       1775, 6.65814584429259583E-013
       1776, 6.67708326241370536E-013
       1777, 7.51079373830045323E-013
       1778, 6.88700829864466778E-013
       1779, 7.54241588762449102E-013
       1780, 7.02004467644311040E-013
       1781, 6.78627838398889731E-013
       1782, 7.05030768439802641E-013
       1783, 7.00164145154232578E-013
       1784, 7.61903024068181287E-013
       1785, 7.59778747696620775E-013
       1786, 7.50297471857122921E-013
       1787, 6.83478658678662018E-013
       1788, 7.27150932854586317E-013
       1789, 6.58633264554791319E-013
       1790, 6.93586938083829090E-013
       1791, 7.25018144246167926E-013
       1792, 7.35404950254153673E-013
       1793, 6.99023402375373456E-013
       1794, 7.40304361569946150E-013
       1795, 7.21084039224683292E-013
       1796, 6.82938590708130955E-013
       1797, 7.37799166691756402E-013
       1798, 7.66883180048926863E-013
       1799, 6.98837903078126143E-013
       1800, 7.33625636458337757E-013
       1801, 7.40577670193904372E-013
       1802, 6.93900840626949794E-013
       1803, 8.04229906010093635E-013
       1804, 6.67935526470891031E-013
       1805, 6.83977046774140603E-013
       1806, 7.28257875553613601E-013
       1807, 7.49162763162602054E-013
       1808, 8.42447672458764925E-013
       1809, 7.01164346332797950E-013
       1810, 7.36386742729927264E-013
       1811, 6.50518762253455377E-013
       1812, 8.01991405154746834E-013
       1813, 8.40005867306310439E-013
       1814, 7.81124426733883491E-013
       1815, 7.52502765521318439E-013
       1816, 7.42223201678479388E-013
       1817, 7.64626020745414565E-013
       1818, 7.63298494330841468E-013
       1819, 8.32991357740379780E-013
       1820, 7.24910216471888263E-013
       1821, 7.23207874678833890E-013
       1822, 7.60705149217779990E-013
       1823, 7.95188352001040601E-013
       1824, 8.06814533705767531E-013
       1825, 8.18660374602141657E-013
       1826, 8.42776384475506284E-013
       1827, 8.27032754447745340E-013
       1828, 7.52346653288376054E-013
       1829, 8.22561828424620657E-013
       1830, 7.95111406874182226E-013
       1831, 7.54050422086345398E-013
       1832, 7.38672299575338011E-013
       1833, 7.98069476517193587E-013
       1834, 7.76791683500698091E-013
       1835, 8.57277132714740892E-013
       1836, 7.57800458172550732E-013
       1837, 8.10274678630259441E-013
       1838, 7.51555105306474680E-013
       1839, 9.10531056361751134E-013
       1840, 7.68498619025675324E-013
       1841, 7.92039416672164502E-013
       1842, 8.59905129694238194E-013
       1843, 8.03175247743409891E-013
       1844, 8.56914308556877474E-013
       1845, 8.23463247427858525E-013
       1846, 8.71433709178231861E-013
       1847, 8.31270781976307994E-013
       1848, 7.47149741880868029E-013
       1849, 7.89635803622203864E-013
       1850, 7.69491879429821234E-013
       1851, 7.65394321481801235E-013
       1852, 8.55128740894579285E-013
       1853, 8.87089477461765445E-013
       1854, 8.55133209729013458E-013
       1855, 8.60942017597932508E-013
       1856, 7.63416716915213858E-013
       1857, 9.21841323068918986E-013
       1858, 8.77505848604652018E-013
       1859, 7.98344779050969162E-013
       1860, 8.47684469809901833E-013
       1861, 8.19493947346231155E-013
       1862, 8.12481346387783407E-013
       1863, 7.97720960328089585E-013
       1864, 9.13759502215615438E-013
       1865, 8.03979212385303535E-013
       1866, 8.53056025830459880E-013
       1867, 8.61282526075723431E-013
       1868, 8.25579170297066072E-013
       1869, 8.51842919323576853E-013
       1870, 8.26476452827515176E-013
       1871, 9.07691875051282385E-013
       1872, 9.07716496288564782E-013
       1873, 8.81147666313880903E-013
       1874, 8.77408878484223025E-013
       1875, 7.98259105491638212E-013
       1876, 9.25633710617200901E-013
       1877, 8.76101736818964962E-013
       1878, 8.19451314335706092E-013
       1879, 8.43221596592719192E-013
       1880, 8.78045252787048319E-013
       1881, 8.71144213681144919E-013
       1882, 7.32206814864531268E-013
       1883, 8.62397246160621162E-013
       1884, 9.32504932529402570E-013
       1885, 9.62670368364276943E-013
       1886, 8.37752573268925964E-013
       1887, 9.64342534373959418E-013
       1888, 9.07501287398550172E-013
       1889, 9.33277557844625740E-013
       1890, 7.70956780589780865E-013
       1891, 9.91969060537826337E-013
       1892, 9.21892181745142388E-013
       1893, 8.40084734509826196E-013
       1894, 9.28258966252585357E-013
       1895, 9.26715889282950210E-013
       1896, 9.50973181425367697E-013
       1897, 9.28826929166141637E-013
       1898, 9.63326816342778883E-013
       1899, 9.23930566340999042E-013
       1900, 9.07792907754298296E-013
       1901, 1.02203768619413388E-012
       1902, 9.53528881813317507E-013
       1903, 8.35806060438102880E-013
       1904, 1.00239418908066938E-012
       1905, 9.43530129744481398E-013
       1906, 9.50394277254117855E-013
       1907, 9.55656260548098771E-013
       1908, 1.01195553800560113E-012
       1909, 9.92741993759132317E-013
       1910, 1.00712478814490825E-012
       1911, 9.55467921571100870E-013
       1912, 9.70308070743213893E-013
       1913, 8.94603485675262428E-013
       1914, 9.28607564092132873E-013
       1915, 9.66298948786694701E-013
       1916, 9.76306782001707315E-013
       1917, 9.02510628163979692E-013
       1918, 9.26310383975280153E-013
       1919, 9.79920803752824721E-013
       1920, 1.08243746806082641E-012
       1921, 9.43470891460038855E-013
       1922, 8.80093039001554426E-013
       1923, 9.72559378991427659E-013
       1924, 9.89577100002146158E-013
       1925, 1.07512532116762195E-012
       1926, 8.79219641224234050E-013
       1927, 1.06668139843142469E-012
       1928, 1.04175596625145561E-012
       1929, 1.02502352394662853E-012
       1930, 1.06861757187472924E-012
       1931, 9.89046021618995615E-013
       1932, 1.05902688462683338E-012
       1933, 1.04794789295897824E-012
       1934, 1.05775748150743744E-012
       1935, 1.00981460258534386E-012
       1936, 1.00389857148256548E-012
       1937, 1.02650736175502867E-012
       1938, 1.03596036908126925E-012
       1939, 1.01857287454995802E-012
       1940, 1.00775946837400868E-012
       1941, 9.84614087602769435E-013
       1942, 1.01951119469552141E-012
       1943, 1.18531826534377490E-012
       1944, 1.02895384764331253E-012
       1945, 9.67200836879519864E-013
       1946, 1.05767741312474019E-012
       1947, 1.07856007182624354E-012
       1948, 1.00878160794007154E-012
       1949, 1.08567491260272384E-012
       1950, 1.02314636527469301E-012
       1951, 1.11703679608730103E-012
       1952, 1.07701301664001594E-012
       1953, 9.78965468436635496E-013
       1954, 1.13742699655007404E-012
       1955, 1.16437484292044405E-012
       1956, 1.03876306437914620E-012
       1957, 1.16127002063292335E-012
       1958, 1.13014124543764917E-012
       1959, 1.15551434626449323E-012
       1960, 1.07874042511083892E-012
       1961, 1.11057723424582858E-012
       1962, 1.02204169814407542E-012
       1963, 1.05690760138931710E-012
       1964, 1.06542376327097784E-012
       1965, 1.09531887194901820E-012
       1966, 1.18734317949176913E-012
       1967, 1.28458873085200471E-012
       1968, 1.13684657886939701E-012
       1969, 1.23087643894662486E-012
       1970, 1.10907537320465205E-012
       1971, 1.15985716067962351E-012
       1972, 1.03613347485351626E-012
       1973, 1.16710524940607195E-012
       1974, 1.29972144280691945E-012
       1975, 1.35152328693181836E-012
       1976, 1.36110057381086532E-012
       1977, 1.34494971919201321E-012
       1978, 1.35391564431978493E-012
       1979, 1.13669000879790862E-012
       1980, 1.18333071761989718E-012
       1981, 1.20082675499011102E-012
       1982, 1.24457765821517797E-012
       1983, 1.32101572167949620E-012
       1984, 1.21865965639706688E-012
       1985, 1.23816797863894726E-012
       1986, 1.15688381751511284E-012
       1987, 1.32831515608436513E-012
       1988, 1.31612963907823896E-012
       1989, 1.36384247249759325E-012
       1990, 1.25525730456010606E-012
       1991, 1.40970645428763722E-012
       1992, 1.27308804492190173E-012
       1993, 1.34952392903391199E-012
       1994, 1.16080320406394450E-012
       1995, 1.38656291606190835E-012
       1996, 1.41908225426042922E-012
       1997, 1.32705172793721927E-012
       1998, 1.19561754761688812E-012
       1999, 1.47102631465465680E-012
       2000, 1.30319426210539048E-012
       2001, 1.23227365637162145E-012
       2002, 1.36572817913695909E-012
       2003, 1.32569622986972731E-012
       2004, 1.49475310558387630E-012
       2005, 1.34274464817806468E-012
       2006, 1.32811277608842657E-012
       2007, 1.31163484341102549E-012
       2008, 1.54214550270673073E-012
       2009, 1.45558123799134473E-012
       2010, 1.46011729279577415E-012
       2011, 1.39232283443072563E-012
       2012, 1.42149814034037574E-012
       2013, 1.38626449628727168E-012
       2014, 1.41367577624361503E-012
       2015, 1.52428804062609006E-012
       2016, 1.50914717233369262E-012
       2017, 1.43193104510623848E-012
       2018, 1.52459204800146443E-012
       2019, 1.46612309508451858E-012
       2020, 1.40675904042203955E-012
       2021, 1.66748179720740989E-012
       2022, 1.57611130620116361E-012
       2023, 1.87678999486300657E-012
       2024, 1.80801450731366184E-012
       2025, 1.76944168924537608E-012
       2026, 1.74976170959653949E-012
       2027, 1.62104492237861591E-012
       2028, 1.62560350696513648E-012
       2029, 1.68656179830208463E-012
       2030, 1.98359293591772921E-012
       2031, 2.01768708920160341E-012
       2032, 1.75146404650677791E-012
       2033, 1.64717891023890344E-012
       2034, 1.99170949487213807E-012
       2035, 1.94745845354588194E-012
       2036, 1.89887224038277093E-012
       2037, 2.18843532037683105E-012
       2038, 2.00570371069850195E-012
       2039, 1.83477250419022243E-012
       2040, 2.26032059184399123E-012
       2041, 2.28936652164775483E-012
       2042, 2.06131969458864681E-012
       2043, 2.12063439125777987E-012
       2044, 2.46029167577347604E-012
       2045, 2.19464094304908557E-012
       2046, 2.86491493820564785E-012
       2047, 2.41027043264363215E-012
       2048, 3.27606211458518226E-012
      -2048, 3.27606211458518226E-012
          0, 1.25769504615170916E-013
