         0, 2147483647,  1010, 1.25609184041879444E+304
         1,    2098159,  1010, 2.41092687598059935E-001
         2,    2098107,  1010, 5.10637474790445967E-001
         3,    2098091,  1010, 8.00000000000000044E-001
         4,    2098061,  1010, 4.56924402656285700E-001
         5,    2097675,  1010, 2.66899094094974303E-002
         6,    2097059,  1010, 5.41316188947751453E-004
         7,    2096456,  1010, 7.78818622445416237E-006
         8,    2095703,  1010, 3.74658174995347200E-008
         9,    1827703,  1010, 2.64022625013091697E-011
        10,     402532,  1010, 4.51126453250602555E-015
        11,      80665,  1010, 2.53552783481512690E-015
        12,       5394,  1010, 2.52139856137164903E-015
        13,         43,  1010, 2.53097799488842068E-015
        14,          2,  1010, 0.00000000000000000E+000
        15,          0,  1010, 0.00000000000000000E+000
"j", "||(G*V)j - (U*Σ)j||_F / Σj"
          1, 3.79559225157170180E-013
          2, 3.94032489464830685E-013
          3, 3.68761088957413841E-013
          4, 4.12455006680430820E-013
          5, 3.94545844261124154E-013
          6, 4.40655509564213925E-013
          7, 3.98318455157274651E-013
          8, 3.98376862306873745E-013
          9, 4.22897682050972729E-013
         10, 3.60477766625296648E-013
         11, 3.65643214209014651E-013
         12, 3.89366625334382720E-013
         13, 4.23623484855111812E-013
         14, 3.60977006193646030E-013
         15, 4.26025944344572249E-013
         16, 4.30662159064238977E-013
         17, 4.07347993736905595E-013
         18, 4.20997436565163990E-013
         19, 4.07509738540101766E-013
         20, 3.98631301441455802E-013
         21, 4.29835647898110110E-013
         22, 4.49261628508923761E-013
         23, 3.83836824578882565E-013
         24, 3.85600569789013386E-013
         25, 3.97486528129051712E-013
         26, 3.99140229635203732E-013
         27, 3.66884371974115208E-013
         28, 3.96002525198869206E-013
         29, 3.53281055980152156E-013
         30, 3.95427388608362768E-013
         31, 4.14546606632238723E-013
         32, 3.74808137084783788E-013
         33, 4.14918865789934699E-013
         34, 4.47774594466481840E-013
         35, 4.18760398558093788E-013
         36, 4.73965070241294391E-013
         37, 4.17418391299297534E-013
         38, 4.12001024649413651E-013
         39, 3.91300872415207714E-013
         40, 4.19434390593803236E-013
         41, 3.63221209260008145E-013
         42, 3.72283939514346760E-013
         43, 4.02982167222264309E-013
         44, 4.13370255613321477E-013
         45, 3.77975742755643921E-013
         46, 3.74032072472728422E-013
         47, 3.91827487091721463E-013
         48, 3.90972836599504923E-013
         49, 4.07769605371610085E-013
         50, 3.84811937265562263E-013
         51, 3.75388030636571060E-013
         52, 3.97816319414334388E-013
         53, 3.85002144242519009E-013
         54, 4.04298875731101556E-013
         55, 4.04199223330719071E-013
         56, 4.10072330336001442E-013
         57, 4.00327906050753198E-013
         58, 3.65304076460628244E-013
         59, 4.13694027851212133E-013
         60, 4.07000719040238707E-013
         61, 4.27511640913075444E-013
         62, 3.85566919396086149E-013
         63, 4.06266065509062383E-013
         64, 4.26275410750698902E-013
         65, 4.18812932006548340E-013
         66, 3.66305263967020238E-013
         67, 4.11214573578153557E-013
         68, 4.26010542911093285E-013
         69, 4.38872654099902270E-013
         70, 3.89379981374949905E-013
         71, 4.21132035025653794E-013
         72, 3.89838186771575631E-013
         73, 4.32495668430500528E-013
         74, 3.85824365253589555E-013
         75, 3.71130063367393425E-013
         76, 3.76558668848066494E-013
         77, 4.26207075531555871E-013
         78, 3.93776957079142969E-013
         79, 4.17770050173477833E-013
         80, 4.30860149612466973E-013
         81, 4.01286854668753385E-013
         82, 3.85626582573944009E-013
         83, 3.91661723140433516E-013
         84, 4.57017540667037476E-013
         85, 3.81818967469802892E-013
         86, 4.56452979578037199E-013
         87, 3.91592102917683873E-013
         88, 4.26473549656481069E-013
         89, 4.53698305479020218E-013
         90, 4.09669185497441777E-013
         91, 4.06511054329049637E-013
         92, 4.33836247625326730E-013
         93, 4.28827089592552113E-013
         94, 4.02435471422118121E-013
         95, 4.29481255269372408E-013
         96, 3.79684414115596602E-013
         97, 4.01971474925559547E-013
         98, 4.06410355358775278E-013
         99, 4.17432096020822087E-013
        100, 3.84519162471376575E-013
        101, 4.20004934957787009E-013
        102, 3.97473736822722002E-013
        103, 4.21209573082674238E-013
        104, 4.06360225892754544E-013
        105, 4.22275170927812347E-013
        106, 4.59411227145183724E-013
        107, 4.63758557075009475E-013
        108, 4.32524302357506768E-013
        109, 4.00670232250546673E-013
        110, 4.26383835491254023E-013
        111, 4.42479523000434431E-013
        112, 4.04201762973124482E-013
        113, 4.14184472785305160E-013
        114, 4.23663836456895640E-013
        115, 4.24319300721321995E-013
        116, 4.16123215109744316E-013
        117, 4.05551821694592398E-013
        118, 4.40474761949323705E-013
        119, 4.37519080437765853E-013
        120, 4.27958010369324853E-013
        121, 4.17794304592617568E-013
        122, 3.78764375220180489E-013
        123, 4.43766449724525386E-013
        124, 4.78539638506074870E-013
        125, 4.35952363160434174E-013
        126, 4.25659882128608344E-013
        127, 4.38161823506263897E-013
        128, 4.33041951181678401E-013
        129, 4.09754089734685710E-013
        130, 4.71696923198281922E-013
        131, 4.95013234260270975E-013
        132, 4.25865278663097278E-013
        133, 4.09481992912360963E-013
        134, 4.52210145573800349E-013
        135, 4.34295439308799964E-013
        136, 4.35986687132864488E-013
        137, 4.26234148913068736E-013
        138, 4.28450024557278710E-013
        139, 4.29579098263205116E-013
        140, 4.66251117333264275E-013
        141, 3.97493064628545900E-013
        142, 4.26362722238934245E-013
        143, 4.12316838267425847E-013
        144, 4.26654190433521068E-013
        145, 4.28283182270513570E-013
        146, 4.37919349332501540E-013
        147, 4.35492078781944715E-013
        148, 4.01278234975917103E-013
        149, 3.73178451701899569E-013
        150, 4.22324460142153736E-013
        151, 4.48619983069589543E-013
        152, 4.00814341317083214E-013
        153, 4.48544478362368610E-013
        154, 4.37727963893127631E-013
        155, 4.01144910910274886E-013
        156, 4.21341509052260583E-013
        157, 4.20133724348177666E-013
        158, 4.30487703817273183E-013
        159, 4.19312588109696873E-013
        160, 3.96196804117285782E-013
        161, 4.85551229905998708E-013
        162, 4.54998353935058558E-013
        163, 4.20414091023367196E-013
        164, 4.41368662916588888E-013
        165, 3.94693138158491860E-013
        166, 4.66794987403638936E-013
        167, 4.52923502694120746E-013
        168, 4.16616136763838929E-013
        169, 4.56872438480497554E-013
        170, 4.42482537416320714E-013
        171, 4.25701988273383257E-013
        172, 4.41333695369372970E-013
        173, 4.50835695630553636E-013
        174, 4.59025125830889220E-013
        175, 4.24818293393894128E-013
        176, 4.55147798792468147E-013
        177, 4.24837210834769551E-013
        178, 4.42081194361511901E-013
        179, 4.38644815621280504E-013
        180, 4.69652222784019687E-013
        181, 4.75254323068640395E-013
        182, 4.51233973323501353E-013
        183, 4.34421129221163224E-013
        184, 5.09483307105193133E-013
        185, 4.64578295294499634E-013
        186, 4.33225188457222312E-013
        187, 4.56582242207741783E-013
        188, 4.57517404056841547E-013
        189, 4.55242956175725681E-013
        190, 4.90220137579826750E-013
        191, 4.32749370604088273E-013
        192, 5.14460648399806971E-013
        193, 4.19227162154740901E-013
        194, 4.24083775952397657E-013
        195, 4.67416635340302627E-013
        196, 4.35406694260699028E-013
        197, 4.20515906013641591E-013
        198, 4.09188028514333597E-013
        199, 4.35120488701861317E-013
        200, 4.58072662408774063E-013
        201, 5.40227495923551737E-013
        202, 4.18211709104868348E-013
        203, 4.26989331473844039E-013
        204, 4.20441477368606660E-013
        205, 4.65317991814831186E-013
        206, 4.18163309590716930E-013
        207, 4.68370008106971458E-013
        208, 4.78923961304779054E-013
        209, 4.63606082954250395E-013
        210, 4.98952473074261056E-013
        211, 4.20379304268315193E-013
        212, 4.89912333269652658E-013
        213, 4.28668455357297633E-013
        214, 4.26672403509442199E-013
        215, 3.97269620755217894E-013
        216, 4.63541575689232253E-013
        217, 4.25136107428757836E-013
        218, 5.22923860620465677E-013
        219, 4.63431611057614204E-013
        220, 4.91776709450670839E-013
        221, 4.44982044130200620E-013
        222, 4.40615984977303454E-013
        223, 4.39311459751683185E-013
        224, 4.76465287663877176E-013
        225, 4.69147333367322410E-013
        226, 5.00236477289633797E-013
        227, 5.31130923599921192E-013
        228, 4.53647325353115408E-013
        229, 3.99981957592288302E-013
        230, 4.69738022508677647E-013
        231, 4.72009989628998933E-013
        232, 4.46935022999369599E-013
        233, 4.51942176479772079E-013
        234, 4.47949551751845568E-013
        235, 4.85735232940128589E-013
        236, 4.52489112051342483E-013
        237, 4.56194050787246442E-013
        238, 5.09262483586273303E-013
        239, 4.49097396392461823E-013
        240, 4.81468103665059762E-013
        241, 4.30939066577758530E-013
        242, 4.90777259961542835E-013
        243, 3.97284542315809422E-013
        244, 4.84434806314861617E-013
        245, 4.18926339004880812E-013
        246, 4.49517612983938647E-013
        247, 4.55612294839625801E-013
        248, 5.02360865009806419E-013
        249, 4.58941232645703367E-013
        250, 4.22673679044326794E-013
        251, 4.82769090395102811E-013
        252, 4.69517921806354222E-013
        253, 4.94096820720424157E-013
        254, 4.90755787287972377E-013
        255, 4.78833375665707343E-013
        256, 5.01464444791843681E-013
        257, 4.57356474315355539E-013
        258, 4.90822288211129183E-013
        259, 4.87611640043756094E-013
        260, 4.80887568659527215E-013
        261, 4.90598585033975717E-013
        262, 4.51471837741165804E-013
        263, 5.17968101981529814E-013
        264, 4.53973098706626781E-013
        265, 5.27623069717674980E-013
        266, 4.74189550868638057E-013
        267, 4.95255208171301266E-013
        268, 4.78005748214438428E-013
        269, 4.83144795058914102E-013
        270, 5.32472100701584518E-013
        271, 4.78861087257248100E-013
        272, 4.73757055229489456E-013
        273, 4.96025789414303489E-013
        274, 5.55548203727583773E-013
        275, 4.68447137175853597E-013
        276, 4.44033414281556933E-013
        277, 4.85545294024208854E-013
        278, 4.92208747834728797E-013
        279, 4.60215064195344136E-013
        280, 4.97017374751089253E-013
        281, 4.71857489573475259E-013
        282, 5.29278025952198495E-013
        283, 4.69646667599368563E-013
        284, 4.80122065174027389E-013
        285, 4.89963924197564536E-013
        286, 4.56222885211327358E-013
        287, 5.18730545743102958E-013
        288, 5.10233220215781694E-013
        289, 4.81486025279721473E-013
        290, 4.45086840192905282E-013
        291, 5.06664932777624880E-013
        292, 4.89321599768883691E-013
        293, 5.08879018955075045E-013
        294, 4.72787039502255250E-013
        295, 5.07809433072561929E-013
        296, 5.19939768904807550E-013
        297, 4.70607004008053005E-013
        298, 4.87827541253637521E-013
        299, 4.74940005903254003E-013
        300, 4.78184815418933720E-013
        301, 5.46185716383677364E-013
        302, 5.17676063440480143E-013
        303, 5.08416800859139288E-013
        304, 4.92682328631609056E-013
        305, 5.81711464359466563E-013
        306, 5.51614781757468887E-013
        307, 5.29602304535638599E-013
        308, 5.00477851697714875E-013
        309, 5.19881323350859201E-013
        310, 4.94262216413541244E-013
        311, 5.13965621529938737E-013
        312, 5.13089334959361913E-013
        313, 4.61479891843602747E-013
        314, 5.11655644281917698E-013
        315, 4.41865863368703978E-013
        316, 5.00280266374635880E-013
        317, 5.13899624638822619E-013
        318, 5.12436484863764359E-013
        319, 5.94776216899299858E-013
        320, 5.46005460296133585E-013
        321, 5.23038401475693894E-013
        322, 5.19294647650043655E-013
        323, 4.78026490434475049E-013
        324, 5.21410224836154045E-013
        325, 4.69731930648717205E-013
        326, 5.32365533073427297E-013
        327, 5.19671581409495154E-013
        328, 5.44133270953111544E-013
        329, 5.32256224062039121E-013
        330, 5.31387946045320828E-013
        331, 4.99533557997415637E-013
        332, 5.15446424821598736E-013
        333, 5.33922734505811843E-013
        334, 4.95143835112315336E-013
        335, 5.81093965742321179E-013
        336, 5.31791859898266622E-013
        337, 5.07366603203307050E-013
        338, 5.56336754140127290E-013
        339, 5.63959515965765268E-013
        340, 5.40229050340783840E-013
        341, 5.65189480589724423E-013
        342, 5.24323529419627070E-013
        343, 5.93130271653339096E-013
        344, 5.50319989128518409E-013
        345, 5.37102043249824797E-013
        346, 5.19312112248323779E-013
        347, 5.23490329616498946E-013
        348, 5.78430569303271259E-013
        349, 5.65160048874038979E-013
        350, 5.76536323929864955E-013
        351, 5.20750034590348977E-013
        352, 5.49516978547375200E-013
        353, 5.51494750708760622E-013
        354, 5.27926378353665238E-013
        355, 5.62961524579714830E-013
        356, 5.84488302341026545E-013
        357, 5.85206557637737264E-013
        358, 5.60793845193901591E-013
        359, 5.37597458132314407E-013
        360, 5.77427746830251575E-013
        361, 5.75347194359369743E-013
        362, 5.77297594730857177E-013
        363, 5.22493660554350153E-013
        364, 6.21891703679922538E-013
        365, 5.31920510816454316E-013
        366, 5.88790511608678914E-013
        367, 5.93211708999936227E-013
        368, 5.39833464520969361E-013
        369, 5.08931313903811715E-013
        370, 5.67281686544112373E-013
        371, 5.43205962176170762E-013
        372, 5.66398471985624316E-013
        373, 5.43206972543906321E-013
        374, 5.36010642739071820E-013
        375, 5.66220753841936294E-013
        376, 5.19572042636656138E-013
        377, 6.11984101437840871E-013
        378, 5.17157137646385375E-013
        379, 5.17592292664814293E-013
        380, 5.43880644777624356E-013
        381, 5.38557520064053912E-013
        382, 5.71951601777206448E-013
        383, 6.46808907551807116E-013
        384, 5.30785164613804557E-013
        385, 5.80931436741891848E-013
        386, 5.62956475797704267E-013
        387, 5.59308880223595004E-013
        388, 5.56447799277234844E-013
        389, 5.50416858101669947E-013
        390, 6.27540311228101310E-013
        391, 5.72494006375903016E-013
        392, 5.21672498041559090E-013
        393, 5.51712849032741125E-013
        394, 5.86478887302558092E-013
        395, 6.21098434642635695E-013
        396, 5.60111920437225418E-013
        397, 5.72341870243669003E-013
        398, 5.32309313563544128E-013
        399, 6.43389777471083253E-013
        400, 5.78833261758020034E-013
        401, 5.51767227894515590E-013
        402, 5.74349068361327438E-013
        403, 5.02415428764537619E-013
        404, 6.17249828847121831E-013
        405, 5.87677178115294828E-013
        406, 5.36060180613123984E-013
        407, 6.05124285944269462E-013
        408, 5.21239854903930894E-013
        409, 5.21874248263300787E-013
        410, 5.50458793154205866E-013
        411, 6.49562752123303549E-013
        412, 5.53518576036553469E-013
        413, 5.46441782860184672E-013
        414, 5.99735451616753715E-013
        415, 5.72851093255302123E-013
        416, 5.50234153931504776E-013
        417, 6.22149815096865499E-013
        418, 6.31206919903565899E-013
        419, 5.36362292904280586E-013
        420, 5.54484396242651915E-013
        421, 5.78668562409105730E-013
        422, 4.99891794709059505E-013
        423, 5.79895966457225260E-013
        424, 6.04792443173940989E-013
        425, 5.89583785250839332E-013
        426, 5.85213477375355530E-013
        427, 5.40155764213662330E-013
        428, 5.48046929999453989E-013
        429, 5.34040486070141665E-013
        430, 5.52614416927730331E-013
        431, 6.41475684539845163E-013
        432, 5.71767178663245155E-013
        433, 5.74439244017219921E-013
        434, 5.99554721037358061E-013
        435, 6.31837318083358493E-013
        436, 5.43972402943152973E-013
        437, 6.05111595605855783E-013
        438, 5.97697704092962729E-013
        439, 6.06281502090696449E-013
        440, 5.36403925517861472E-013
        441, 5.89878725240886948E-013
        442, 5.57602723923580665E-013
        443, 6.21251495436579221E-013
        444, 6.25419655085641383E-013
        445, 6.34026848028383884E-013
        446, 5.99227757038656412E-013
        447, 5.69420865649704555E-013
        448, 6.43933802033348418E-013
        449, 6.16496054893076337E-013
        450, 5.31466087018376632E-013
        451, 6.07544299362114715E-013
        452, 5.96650949761469899E-013
        453, 5.69201359407960416E-013
        454, 5.44553894641288082E-013
        455, 5.72459784382384791E-013
        456, 5.11836679437424297E-013
        457, 5.52713346418211204E-013
        458, 6.43241172966123893E-013
        459, 6.01905773133950505E-013
        460, 6.26401253096214734E-013
        461, 5.84437233274186991E-013
        462, 5.69433793361886995E-013
        463, 5.37816983329371510E-013
        464, 5.52571753304028703E-013
        465, 5.97551691581063248E-013
        466, 6.49556917075197407E-013
        467, 6.06876713966969935E-013
        468, 5.55988090204290958E-013
        469, 5.64917637710651791E-013
        470, 6.29245200728745237E-013
        471, 5.91921536528862945E-013
        472, 5.72513265294226627E-013
        473, 6.70274013217862035E-013
        474, 5.59428118976194310E-013
        475, 5.43763980417222765E-013
        476, 6.01273883275169008E-013
        477, 6.13692179743416460E-013
        478, 5.80660726270413900E-013
        479, 6.16650618582834146E-013
        480, 5.30916175188546326E-013
        481, 5.58386375342154127E-013
        482, 6.10987965628764865E-013
        483, 5.70978297144186587E-013
        484, 5.97725591917319354E-013
        485, 6.39563034828806398E-013
        486, 6.01674744831790594E-013
        487, 6.00715321155318450E-013
        488, 6.24218205600106058E-013
        489, 5.89687175411580788E-013
        490, 5.66251418789252857E-013
        491, 6.02235830852260707E-013
        492, 5.68450352071069984E-013
        493, 6.38200382557362558E-013
        494, 5.46553604713177071E-013
        495, 5.71345834113427459E-013
        496, 5.73941391259922180E-013
        497, 6.27918201752759655E-013
        498, 6.70570009199376737E-013
        499, 6.22217927099496337E-013
        500, 6.07644624701973922E-013
        501, 6.78462463865512246E-013
        502, 6.25314495660738704E-013
        503, 5.91349429535984608E-013
        504, 6.10138847355667974E-013
        505, 5.94798444083854781E-013
        506, 6.00800938641833939E-013
        507, 5.82434508264774733E-013
        508, 6.01461361343070200E-013
        509, 6.12293460036332098E-013
        510, 5.63908379028949719E-013
        511, 5.31329140146365982E-013
        512, 6.21773284347222466E-013
        513, 6.36939971192162600E-013
        514, 6.18802190451419805E-013
        515, 6.30231707110770898E-013
        516, 6.52499217631459102E-013
        517, 6.19226909496229833E-013
        518, 6.58581974270761869E-013
        519, 6.14163533666584531E-013
        520, 6.63007919828849839E-013
        521, 6.16090486822815073E-013
        522, 6.55327506180786601E-013
        523, 5.97879536244044186E-013
        524, 5.79233097247875003E-013
        525, 5.61029767026913063E-013
        526, 5.17198980631763044E-013
        527, 5.71172226172033897E-013
        528, 6.30672787766215005E-013
        529, 6.13802399466932625E-013
        530, 5.96490777465566669E-013
        531, 5.73565449757292816E-013
        532, 5.78574527811000055E-013
        533, 5.81646946342373542E-013
        534, 6.37365729781303764E-013
        535, 6.12973269839644891E-013
        536, 6.24628319984722841E-013
        537, 5.39777316939328817E-013
        538, 6.26688110836744513E-013
        539, 5.76395817584869717E-013
        540, 5.76694094156972740E-013
        541, 6.34390619391275849E-013
        542, 6.33057672604416487E-013
        543, 5.61234965682473969E-013
        544, 6.82631095284302518E-013
        545, 6.40713621301161902E-013
        546, 5.95462203225634346E-013
        547, 5.77037080339316418E-013
        548, 6.21516934375245578E-013
        549, 6.21751988908696649E-013
        550, 6.67162627878487817E-013
        551, 6.22280571591896503E-013
        552, 6.22323735830288127E-013
        553, 5.72480383457051078E-013
        554, 5.80882345617025589E-013
        555, 6.16199874445989088E-013
        556, 6.11584667866219589E-013
        557, 6.04587024480924527E-013
        558, 6.25945189449505288E-013
        559, 6.27619264466167203E-013
        560, 5.79308682981896613E-013
        561, 6.03551630299469936E-013
        562, 5.85618071419840819E-013
        563, 6.11600749337548759E-013
        564, 6.27168281170831848E-013
        565, 6.06313942051052329E-013
        566, 6.19922161235680772E-013
        567, 6.15730431816608712E-013
        568, 6.05664994345807554E-013
        569, 6.33726330685618535E-013
        570, 6.02841183432067175E-013
        571, 6.34369094301189089E-013
        572, 5.91103058921099709E-013
        573, 6.81696024221317537E-013
        574, 5.58943762756166678E-013
        575, 6.53116648445500975E-013
        576, 6.43043585045705752E-013
        577, 5.99921379378404225E-013
        578, 6.41391277287575441E-013
        579, 5.99806944894094284E-013
        580, 6.74699486063280828E-013
        581, 5.44426287126198183E-013
        582, 6.57747974148579362E-013
        583, 6.15416523896864817E-013
        584, 5.86141676791494505E-013
        585, 6.20697618887330469E-013
        586, 6.01851242422873643E-013
        587, 6.81843458954211171E-013
        588, 6.04813082505618555E-013
        589, 6.02770469305015909E-013
        590, 5.62274380487516878E-013
        591, 5.88771065737883026E-013
        592, 6.42177577884677386E-013
        593, 6.91362157265528918E-013
        594, 6.48805016875903669E-013
        595, 5.22711685112389475E-013
        596, 5.69689792191992847E-013
        597, 6.09879613271347235E-013
        598, 6.74361950003347578E-013
        599, 6.50663761897328673E-013
        600, 6.36804335220782231E-013
        601, 6.97091578862415273E-013
        602, 6.12077268279882008E-013
        603, 6.02997729972441918E-013
        604, 6.01314473959213573E-013
        605, 6.32321946475965416E-013
        606, 6.44809745546027325E-013
        607, 6.59358141212359190E-013
        608, 5.93747845541283786E-013
        609, 6.12158670277781516E-013
        610, 6.28052518478835185E-013
        611, 6.25967834019520918E-013
        612, 6.50559764794569606E-013
        613, 5.98822645401359241E-013
        614, 6.58051583791420457E-013
        615, 6.53977757546034423E-013
        616, 6.46213840355777576E-013
        617, 6.23654531021819182E-013
        618, 6.02103719066218925E-013
        619, 6.52407169443971743E-013
        620, 6.35185768885787901E-013
        621, 6.49307036459673355E-013
        622, 7.18574995411567947E-013
        623, 6.64710695913310753E-013
        624, 6.90505947126653784E-013
        625, 6.80082252715273122E-013
        626, 5.91866413389177487E-013
        627, 6.47001022130116409E-013
        628, 6.14037465104280139E-013
        629, 6.20554835329460182E-013
        630, 5.98829922112825270E-013
        631, 6.53811846521894119E-013
        632, 5.58919427249913471E-013
        633, 6.46821641696848362E-013
        634, 6.14596448910519019E-013
        635, 6.33491354278692119E-013
        636, 6.57060783588869213E-013
        637, 6.70045093971093960E-013
        638, 6.04042168979665666E-013
        639, 6.77629561944574332E-013
        640, 6.33814574209210910E-013
        641, 6.36894294646257646E-013
        642, 6.08577938122452137E-013
        643, 6.41573419838985110E-013
        644, 6.95377789170116377E-013
        645, 6.36327749166313306E-013
        646, 6.45965027425167519E-013
        647, 5.74753507358055640E-013
        648, 6.97157900443033705E-013
        649, 6.31221408117573303E-013
        650, 6.20693834586975882E-013
        651, 6.29079611737923671E-013
        652, 6.94471961256482169E-013
        653, 6.59889800595042667E-013
        654, 6.54105277100744644E-013
        655, 6.44386457244246477E-013
        656, 5.94587580880564004E-013
        657, 6.34339580061628289E-013
        658, 6.48899286607181701E-013
        659, 7.20958767646866488E-013
        660, 6.98748038624886878E-013
        661, 6.17309876119423816E-013
        662, 6.71500394202392813E-013
        663, 6.54592839380259043E-013
        664, 5.88021623612954409E-013
        665, 6.55560342828429802E-013
        666, 7.53154760668820336E-013
        667, 6.11462612134452202E-013
        668, 6.40498557337728896E-013
        669, 6.79652704316587279E-013
        670, 6.61069248456159274E-013
        671, 6.31271982744038666E-013
        672, 5.85967340383757354E-013
        673, 6.48787775736350722E-013
        674, 6.74338452961317444E-013
        675, 6.49562816978321019E-013
        676, 6.47532971973014306E-013
        677, 6.61076165523207766E-013
        678, 7.12607327769968267E-013
        679, 6.52572565237422143E-013
        680, 7.02045865580291614E-013
        681, 6.66861309772942735E-013
        682, 6.11414252472279118E-013
        683, 6.92225425642045893E-013
        684, 6.88816512404140040E-013
        685, 6.30687117039364406E-013
        686, 6.39100008872991920E-013
        687, 6.40002426360781361E-013
        688, 6.10387888999016241E-013
        689, 6.62755830219843595E-013
        690, 6.65481546438414832E-013
        691, 6.93332738825206551E-013
        692, 6.09560202290778655E-013
        693, 5.58329814271465037E-013
        694, 6.32871286872854868E-013
        695, 6.71126074560786325E-013
        696, 7.09481365477228710E-013
        697, 7.09924941236593932E-013
        698, 6.51317951563899678E-013
        699, 6.35896021598293214E-013
        700, 6.46739383850647339E-013
        701, 6.21010721081927672E-013
        702, 7.24607845874666058E-013
        703, 6.71762018921191562E-013
        704, 6.93477921777808905E-013
        705, 7.12810543531051673E-013
        706, 5.86481932265464010E-013
        707, 6.44772150683197182E-013
        708, 6.43764291281610183E-013
        709, 6.38354740659151908E-013
        710, 7.11989763016634415E-013
        711, 6.46971820604983380E-013
        712, 6.27064794291952537E-013
        713, 6.68558647516688043E-013
        714, 7.97733984070888191E-013
        715, 6.88536425367817258E-013
        716, 6.61302639448518270E-013
        717, 6.36578835847898916E-013
        718, 6.84800886265546105E-013
        719, 6.49612492479720202E-013
        720, 6.56425631223927214E-013
        721, 6.81451316421107461E-013
        722, 6.76489080556774334E-013
        723, 6.60165251347286970E-013
        724, 6.81184862577860507E-013
        725, 6.47399600271448647E-013
        726, 6.72781207373017918E-013
        727, 7.09782843918024249E-013
        728, 6.70071308231555927E-013
        729, 6.43410790557693563E-013
        730, 6.66765459800511723E-013
        731, 6.76622556429083755E-013
        732, 6.67312865675676171E-013
        733, 7.67533860632239677E-013
        734, 6.66969014139101974E-013
        735, 7.01651010778921209E-013
        736, 6.35733724353657597E-013
        737, 6.41658325748767340E-013
        738, 6.19295089893598047E-013
        739, 6.82776152883048606E-013
        740, 7.02834810859926115E-013
        741, 6.82165070777685033E-013
        742, 6.69689410085697395E-013
        743, 7.30350214671098121E-013
        744, 7.15369482184536290E-013
        745, 7.04532751480629366E-013
        746, 6.45256064740943824E-013
        747, 7.50438503236260968E-013
        748, 6.66507067661784207E-013
        749, 7.86198684115929971E-013
        750, 6.92383886841744720E-013
        751, 6.88749680761416145E-013
        752, 7.12464472898845461E-013
        753, 7.42233237815902729E-013
        754, 6.97180165528269001E-013
        755, 7.50578027487123176E-013
        756, 6.29349000316251149E-013
        757, 8.18721918434525377E-013
        758, 7.02542683983024016E-013
        759, 6.81243885296239948E-013
        760, 7.58780654650681828E-013
        761, 6.91641352705712571E-013
        762, 7.23689012922531525E-013
        763, 7.24066608388877446E-013
        764, 6.42698386812509873E-013
        765, 7.22734308527429723E-013
        766, 6.75443269924161439E-013
        767, 7.36588803300932502E-013
        768, 8.02985466032759251E-013
        769, 7.31578344536591866E-013
        770, 7.33993476774971340E-013
        771, 7.99753901816895379E-013
        772, 8.35002605128921940E-013
        773, 7.31923576869414168E-013
        774, 6.92159598264805319E-013
        775, 6.76090587017062672E-013
        776, 7.26380717874133560E-013
        777, 7.17587961412566587E-013
        778, 7.83065956765793058E-013
        779, 7.82692179917491012E-013
        780, 8.17485070630307512E-013
        781, 7.85082599248449978E-013
        782, 7.22477113178768857E-013
        783, 7.27588612805039652E-013
        784, 7.78302945237423928E-013
        785, 7.43935570707555459E-013
        786, 7.36345072542066911E-013
        787, 7.89887349650996894E-013
        788, 8.83512318595531760E-013
        789, 7.22304077777506689E-013
        790, 6.91127176069022182E-013
        791, 6.94279262059079437E-013
        792, 7.40609639857352669E-013
        793, 7.01111492603535226E-013
        794, 7.24635028309468231E-013
        795, 7.28063556712525393E-013
        796, 8.56919489165245895E-013
        797, 7.29849385398581293E-013
        798, 7.73075958717232948E-013
        799, 7.92290702111589499E-013
        800, 7.45789671763458459E-013
        801, 8.05541178079098940E-013
        802, 7.79610013833846059E-013
        803, 7.33837940432179528E-013
        804, 8.30296069102915375E-013
        805, 8.23327247015101508E-013
        806, 8.37977632771963330E-013
        807, 7.61719511639595172E-013
        808, 7.70076365484253087E-013
        809, 6.81617915576180679E-013
        810, 6.86271928298950131E-013
        811, 8.40945280414530889E-013
        812, 8.35475703394782891E-013
        813, 7.65801796068190685E-013
        814, 8.30203222517679127E-013
        815, 7.01070394817412447E-013
        816, 7.34856239824942785E-013
        817, 9.16794690920678856E-013
        818, 8.20762533506133178E-013
        819, 8.46576870335574092E-013
        820, 8.99931346206997486E-013
        821, 8.06065180669544749E-013
        822, 8.44702735937885963E-013
        823, 9.13048104233625229E-013
        824, 8.28050785580394245E-013
        825, 9.08056880448487722E-013
        826, 8.40251376719301835E-013
        827, 8.62512969126553198E-013
        828, 8.53388870065040080E-013
        829, 9.19082575384334073E-013
        830, 9.30890729789890209E-013
        831, 9.06615172866935430E-013
        832, 9.84841867018845617E-013
        833, 8.89065885842477289E-013
        834, 9.40607276979194011E-013
        835, 9.32914035142477919E-013
        836, 8.47285455397002527E-013
        837, 8.77336466094259355E-013
        838, 7.69610443711246854E-013
        839, 8.91628993168410678E-013
        840, 7.72765062187268502E-013
        841, 9.47637679944560827E-013
        842, 8.94526760926273108E-013
        843, 8.76049896387409067E-013
        844, 1.02091117984873425E-012
        845, 9.10958055755896380E-013
        846, 8.57250482994301650E-013
        847, 8.69715950078732043E-013
        848, 9.30967155302825485E-013
        849, 8.16335229127328539E-013
        850, 8.47383656014282061E-013
        851, 9.11524752602922366E-013
        852, 8.81866186788768236E-013
        853, 9.26864217081691575E-013
        854, 8.85777937138734733E-013
        855, 7.97450674533501018E-013
        856, 9.92447361733967714E-013
        857, 9.81780237243928247E-013
        858, 9.69877539632823106E-013
        859, 8.95924289110830880E-013
        860, 8.90150589624456322E-013
        861, 9.24730192964858933E-013
        862, 8.55827531974188637E-013
        863, 8.69872186048182772E-013
        864, 9.57546311964458499E-013
        865, 7.88739188538565311E-013
        866, 8.41674140102956596E-013
        867, 8.60972931954856929E-013
        868, 8.41063093830270771E-013
        869, 1.02622242099748105E-012
        870, 9.65262685948691025E-013
        871, 9.74924335544647753E-013
        872, 1.02869187819143749E-012
        873, 1.03139756654506328E-012
        874, 1.02681795784352113E-012
        875, 9.81884184847687216E-013
        876, 1.03954355952657900E-012
        877, 9.62694139211713130E-013
        878, 1.03096852163445993E-012
        879, 1.09139363531996180E-012
        880, 9.68629825938202128E-013
        881, 9.63429467961119669E-013
        882, 8.87841044152486960E-013
        883, 9.89376619559160190E-013
        884, 1.11255776986034071E-012
        885, 8.63255153725631199E-013
        886, 8.70267437535004039E-013
        887, 1.07391446563701519E-012
        888, 9.42719774387602324E-013
        889, 9.42705406889591259E-013
        890, 9.14005602029975080E-013
        891, 8.74328844715536274E-013
        892, 1.17261296487907957E-012
        893, 9.55923024507012431E-013
        894, 9.21237508220295948E-013
        895, 1.08296196136334194E-012
        896, 1.23429016410500653E-012
        897, 1.06469999794030664E-012
        898, 1.09464314104466407E-012
        899, 9.18512145003562852E-013
        900, 9.55997322348114125E-013
        901, 8.80006795211816732E-013
        902, 1.01499146022499900E-012
        903, 1.12991343201576704E-012
        904, 9.68656544074221336E-013
        905, 8.89469914819488952E-013
        906, 9.96315432468893373E-013
        907, 9.05163885467420613E-013
        908, 1.02136560928184515E-012
        909, 9.73582525549022978E-013
        910, 9.16979222883019795E-013
        911, 8.85897071654831741E-013
        912, 9.97191880427624336E-013
        913, 8.76174660393125902E-013
        914, 1.00254413341550194E-012
        915, 9.85992263327728312E-013
        916, 9.90170115850906314E-013
        917, 1.00451620862008720E-012
        918, 9.72750174519926637E-013
        919, 1.02183432037380903E-012
        920, 9.44456591159239271E-013
        921, 1.03005604885426993E-012
        922, 9.98186948494876887E-013
        923, 1.11823161838405063E-012
        924, 1.11028096080683716E-012
        925, 1.03027786054852453E-012
        926, 1.01933695326502146E-012
        927, 1.04928240641302983E-012
        928, 8.87506934838018457E-013
        929, 9.53429576199003816E-013
        930, 1.04006660115831023E-012
        931, 1.03692589073505930E-012
        932, 9.80802548396511472E-013
        933, 9.85627985887882502E-013
        934, 9.41881196758611089E-013
        935, 1.01765435179934734E-012
        936, 9.91673747252250497E-013
        937, 1.03884830242998178E-012
        938, 1.07466236464456705E-012
        939, 8.73001886531769740E-013
        940, 1.04323410011549260E-012
        941, 1.00061609705837126E-012
        942, 1.11529902962548609E-012
        943, 1.01764020658695959E-012
        944, 1.07750596162622183E-012
        945, 1.02251578956752477E-012
        946, 9.95123710431224143E-013
        947, 1.14971865169597360E-012
        948, 1.13288367856155781E-012
        949, 1.06224116607472967E-012
        950, 1.18052878141702013E-012
        951, 9.73067640463673895E-013
        952, 1.01766007185320237E-012
        953, 1.13802163060076133E-012
        954, 1.07293408284289327E-012
        955, 9.99323844024728799E-013
        956, 1.07120046827108099E-012
        957, 1.08505082154682364E-012
        958, 1.09841430028142136E-012
        959, 1.04992965247126282E-012
        960, 1.16940110694306616E-012
        961, 1.12297410430174263E-012
        962, 1.16860922236332157E-012
        963, 1.11062954804746079E-012
        964, 1.01117446747142210E-012
        965, 1.11551109786471927E-012
        966, 1.28666847014111578E-012
        967, 1.08099791476146650E-012
        968, 1.07091958214597858E-012
        969, 1.29024860804631972E-012
        970, 1.19289344131025254E-012
        971, 1.17982128381564188E-012
        972, 1.20136187486615034E-012
        973, 1.09011858179193719E-012
        974, 1.16258172907599675E-012
        975, 1.12392804127060580E-012
        976, 1.15036284584692949E-012
        977, 1.24085200687412075E-012
        978, 1.13784327877019149E-012
        979, 1.27416865379815936E-012
        980, 1.17562772299634683E-012
        981, 1.14935010295482203E-012
        982, 1.10546717340660207E-012
        983, 1.07868584416432514E-012
        984, 1.21797047406377612E-012
        985, 1.18236508184612856E-012
        986, 1.04532629905407821E-012
        987, 1.31758180330539409E-012
        988, 1.13512249570213568E-012
        989, 1.19655796912471134E-012
        990, 1.21499772579016657E-012
        991, 1.25575087049003407E-012
        992, 1.09166677454530117E-012
        993, 1.16920334093303826E-012
        994, 1.26193802375928708E-012
        995, 1.33447925611220572E-012
        996, 1.30190512957170069E-012
        997, 1.48662411536933115E-012
        998, 1.23685669378606268E-012
        999, 1.38214735711993895E-012
       1000, 1.24340403111267513E-012
       1001, 1.16920529693701314E-012
       1002, 1.41064332697843956E-012
       1003, 1.20532782400552880E-012
       1004, 1.41410047758332511E-012
       1005, 1.35218588642350780E-012
       1006, 1.31604371341168919E-012
       1007, 1.41971948990341107E-012
       1008, 1.36979732642343743E-012
       1009, 1.25605587628498292E-012
       1010, 1.52182323545092148E-012
       1011, 1.57519207014160138E-012
       1012, 1.53472129107486689E-012
       1013, 1.34534792715656642E-012
       1014, 1.62317812829458251E-012
       1015, 1.45954112418107453E-012
       1016, 1.74794466740992418E-012
       1017, 1.59437022719227776E-012
       1018, 1.42814391787914184E-012
       1019, 1.56201533282944763E-012
       1020, 1.70610113423964461E-012
       1021, 1.71364354713823618E-012
       1022, 1.92987663210333225E-012
       1023, 1.75070322091675139E-012
       1024, 1.76627539805256137E-012
       1025, 3.98431399407763319E-013
       1026, 4.15591856271546389E-013
       1027, 4.02029495066346989E-013
       1028, 3.56059252922402064E-013
       1029, 3.81733621439261005E-013
       1030, 3.54366713805610089E-013
       1031, 3.74267270459371026E-013
       1032, 3.60475259595552670E-013
       1033, 3.70633488863931570E-013
       1034, 3.85331499620355848E-013
       1035, 3.78483586918351342E-013
       1036, 3.82539039937305955E-013
       1037, 4.03503682177966140E-013
       1038, 3.96278815421607553E-013
       1039, 3.80633063663960116E-013
       1040, 3.72200037317588339E-013
       1041, 3.93604065348850350E-013
       1042, 4.02557986761845360E-013
       1043, 3.81783132624986330E-013
       1044, 3.74402620103760688E-013
       1045, 3.82721113672938367E-013
       1046, 3.63725004367202732E-013
       1047, 4.04634585671701924E-013
       1048, 3.82635354164361292E-013
       1049, 3.99673758345021956E-013
       1050, 4.23885467631771601E-013
       1051, 4.22764195115478903E-013
       1052, 3.87849299146163369E-013
       1053, 4.12290331541473116E-013
       1054, 3.98876885898176844E-013
       1055, 3.95805316565815992E-013
       1056, 4.00147766273379030E-013
       1057, 4.22216149398386039E-013
       1058, 4.11902757308484392E-013
       1059, 3.89062604348432890E-013
       1060, 4.00069611251869637E-013
       1061, 3.94939625365037841E-013
       1062, 3.64550174942435971E-013
       1063, 4.24749777789298417E-013
       1064, 4.13992983395521060E-013
       1065, 3.88062455574885485E-013
       1066, 3.39421556811693624E-013
       1067, 3.92395515720733595E-013
       1068, 3.80823645225563914E-013
       1069, 3.65670672339223645E-013
       1070, 3.78050139074331923E-013
       1071, 3.85839945372031325E-013
       1072, 3.56203338270538022E-013
       1073, 4.13079302567957819E-013
       1074, 3.90205686521196732E-013
       1075, 4.08902035489960471E-013
       1076, 3.89370174320422594E-013
       1077, 4.10716325644177040E-013
       1078, 3.74643936204991911E-013
       1079, 3.86144478031909282E-013
       1080, 4.08409640342106571E-013
       1081, 3.82951860287523409E-013
       1082, 3.96014512153345565E-013
       1083, 4.39884790971274777E-013
       1084, 3.98371075565562290E-013
       1085, 4.37882752689231239E-013
       1086, 4.10622352225726100E-013
       1087, 4.43532245571317779E-013
       1088, 4.02016987612761686E-013
       1089, 4.14963914121429014E-013
       1090, 4.19165473783733886E-013
       1091, 4.14456110416199216E-013
       1092, 4.14912106819167914E-013
       1093, 4.40330424470525442E-013
       1094, 4.13198360970438398E-013
       1095, 3.88492211287848711E-013
       1096, 4.31470756172409015E-013
       1097, 3.75788067257776780E-013
       1098, 4.32344678244865335E-013
       1099, 3.88408807329759259E-013
       1100, 3.56180291990480987E-013
       1101, 4.00500049686710734E-013
       1102, 3.80674414925229443E-013
       1103, 3.94743842546034014E-013
       1104, 4.38917108399184421E-013
       1105, 3.85771365737667878E-013
       1106, 4.11796918478027933E-013
       1107, 4.29436924759820635E-013
       1108, 4.32877012154702946E-013
       1109, 4.17426189405220649E-013
       1110, 4.28788673744153458E-013
       1111, 3.98078372301372100E-013
       1112, 4.16494877995873607E-013
       1113, 3.79633938154569132E-013
       1114, 4.03081157289943135E-013
       1115, 3.94799286494225001E-013
       1116, 4.02291102591576069E-013
       1117, 4.19425190502461514E-013
       1118, 4.09786339134344373E-013
       1119, 4.18463539949878944E-013
       1120, 3.99286543792614273E-013
       1121, 3.81662020664455623E-013
       1122, 4.15212499008488462E-013
       1123, 3.86077086351182587E-013
       1124, 3.77869861568569443E-013
       1125, 4.21338062975657269E-013
       1126, 3.74422993077001830E-013
       1127, 3.93227919982524752E-013
       1128, 3.60175481432535247E-013
       1129, 4.24687806827130211E-013
       1130, 3.67690228728964937E-013
       1131, 4.46294630215870811E-013
       1132, 4.12708688655685886E-013
       1133, 4.29574082124119669E-013
       1134, 4.33947899866379315E-013
       1135, 4.28606372283473494E-013
       1136, 4.07477199529569699E-013
       1137, 4.61102333042849109E-013
       1138, 4.29526954580147665E-013
       1139, 4.58820967160906083E-013
       1140, 4.14638929467669711E-013
       1141, 4.14602021904319500E-013
       1142, 4.65776855922199151E-013
       1143, 4.61038915239097730E-013
       1144, 4.14449146635563200E-013
       1145, 4.65992282512082251E-013
       1146, 4.69671618441635693E-013
       1147, 4.35090309328371877E-013
       1148, 4.03881404420298241E-013
       1149, 4.54553138546957928E-013
       1150, 4.33970671973232294E-013
       1151, 4.05454281797982671E-013
       1152, 4.58336333217289494E-013
       1153, 4.23023719766878184E-013
       1154, 4.39597166799242903E-013
       1155, 4.03697654195939182E-013
       1156, 4.47128006785084069E-013
       1157, 4.06709289897083671E-013
       1158, 3.97236429494645385E-013
       1159, 4.01658886986202489E-013
       1160, 4.26124586183805828E-013
       1161, 4.47577940196128582E-013
       1162, 4.61512940792766709E-013
       1163, 4.50150794549295891E-013
       1164, 4.56888458748430582E-013
       1165, 4.03950267179513156E-013
       1166, 4.40122267650967917E-013
       1167, 4.08844946952075452E-013
       1168, 4.44787076222948816E-013
       1169, 4.29127258460485738E-013
       1170, 4.70372622634587822E-013
       1171, 4.65985033737767781E-013
       1172, 4.72917784204360881E-013
       1173, 4.33581116976274750E-013
       1174, 4.42018135188830564E-013
       1175, 4.79491561636668912E-013
       1176, 4.69465591150926722E-013
       1177, 4.31592188386121656E-013
       1178, 4.68167236520388069E-013
       1179, 4.51062732852597117E-013
       1180, 4.50950226844045383E-013
       1181, 4.84738824313730131E-013
       1182, 3.99042643257288682E-013
       1183, 4.99741559434160519E-013
       1184, 4.40077546376296097E-013
       1185, 4.12110716199754369E-013
       1186, 4.51278150986498319E-013
       1187, 4.47761531141663450E-013
       1188, 3.92471706854788751E-013
       1189, 4.64303979011880520E-013
       1190, 4.31227038525301706E-013
       1191, 4.22826031111430140E-013
       1192, 4.44733849659082403E-013
       1193, 4.72480867372768331E-013
       1194, 4.90326902171354277E-013
       1195, 4.22758074141413391E-013
       1196, 4.09417682687772293E-013
       1197, 4.77402076877252626E-013
       1198, 3.97679288076462715E-013
       1199, 4.86723582697794291E-013
       1200, 4.96618078383311339E-013
       1201, 4.91062321484079771E-013
       1202, 4.44345957010704562E-013
       1203, 4.61699756421514166E-013
       1204, 4.52951072096743188E-013
       1205, 4.47217858385975385E-013
       1206, 4.14655936920735221E-013
       1207, 4.66097553187902990E-013
       1208, 4.67106399156948423E-013
       1209, 4.49659552178494312E-013
       1210, 4.62541014994255342E-013
       1211, 4.13034167351392975E-013
       1212, 4.16895316809063147E-013
       1213, 4.33164937988476927E-013
       1214, 4.38269781377968925E-013
       1215, 4.16414268763543800E-013
       1216, 4.63324898427651319E-013
       1217, 4.15091750180976558E-013
       1218, 4.50369837962871960E-013
       1219, 4.53079784478984035E-013
       1220, 4.04386211193958847E-013
       1221, 4.70954144235550876E-013
       1222, 4.56412164614941597E-013
       1223, 4.90560853161242738E-013
       1224, 4.39485118571696219E-013
       1225, 4.55493519764555320E-013
       1226, 4.60030911717507569E-013
       1227, 4.41059835238753412E-013
       1228, 4.26884228781573563E-013
       1229, 4.42878939294723657E-013
       1230, 4.57904177869974508E-013
       1231, 5.01306125975794430E-013
       1232, 4.41045442108862627E-013
       1233, 4.32254711378490911E-013
       1234, 4.14081506253009738E-013
       1235, 4.48578610716808878E-013
       1236, 4.66337536081248129E-013
       1237, 5.05420936615512712E-013
       1238, 4.78434906720241795E-013
       1239, 4.85216761126438598E-013
       1240, 4.31624939146525633E-013
       1241, 5.02283609381320803E-013
       1242, 4.38650086331336223E-013
       1243, 4.96454351423325658E-013
       1244, 4.58789059443043854E-013
       1245, 4.96933974556924074E-013
       1246, 4.32173332652095897E-013
       1247, 4.54447350693486468E-013
       1248, 5.11537813771444667E-013
       1249, 4.66629653477881291E-013
       1250, 4.57957039761374375E-013
       1251, 4.53478331510175463E-013
       1252, 4.23149835744516981E-013
       1253, 4.72858513896496268E-013
       1254, 4.59403263267443780E-013
       1255, 5.22365217066639886E-013
       1256, 4.64670184342216085E-013
       1257, 4.36193646273416408E-013
       1258, 4.28306376635123467E-013
       1259, 4.55451846474506955E-013
       1260, 4.22999369351239393E-013
       1261, 5.15903482728889927E-013
       1262, 4.70171028818976860E-013
       1263, 4.86043389234231868E-013
       1264, 4.73271473794306512E-013
       1265, 4.95496219578479744E-013
       1266, 5.00636574949398314E-013
       1267, 4.76587368773330580E-013
       1268, 4.78653772552675231E-013
       1269, 4.68326209416549183E-013
       1270, 5.40038623854370607E-013
       1271, 5.31470057570929777E-013
       1272, 4.43601514079548346E-013
       1273, 4.46416558831481514E-013
       1274, 4.74835765996124703E-013
       1275, 4.83739195697961931E-013
       1276, 5.10675410200142223E-013
       1277, 4.46891741921585236E-013
       1278, 4.69733948856177251E-013
       1279, 4.59900952907686096E-013
       1280, 4.08751141222192547E-013
       1281, 4.51351963240715108E-013
       1282, 4.92817196011595815E-013
       1283, 5.11915838313303450E-013
       1284, 4.92055154494695433E-013
       1285, 4.49313727195930529E-013
       1286, 4.67989940193947190E-013
       1287, 4.27297462409648700E-013
       1288, 4.62213739253429981E-013
       1289, 4.70582036701268731E-013
       1290, 4.54266299917507996E-013
       1291, 4.90157368483230819E-013
       1292, 4.62521438220659252E-013
       1293, 4.79179857637846602E-013
       1294, 4.58710504492047288E-013
       1295, 5.25629190289990529E-013
       1296, 5.00134685795814765E-013
       1297, 4.57560607947919037E-013
       1298, 4.51120287324363731E-013
       1299, 5.24211516129251716E-013
       1300, 5.12531274320837125E-013
       1301, 4.76787093071643003E-013
       1302, 4.73869285192534114E-013
       1303, 4.51170151109110030E-013
       1304, 4.45022757926107060E-013
       1305, 4.89360019910390670E-013
       1306, 4.51753582272203958E-013
       1307, 4.94510130658123146E-013
       1308, 4.83740464756336242E-013
       1309, 5.09043978923479903E-013
       1310, 4.55753807058050473E-013
       1311, 5.11843198616867882E-013
       1312, 4.95987302470170675E-013
       1313, 4.65918220699213429E-013
       1314, 4.69379875076607400E-013
       1315, 4.65599403763205198E-013
       1316, 5.22293142180733149E-013
       1317, 4.58570762386193569E-013
       1318, 4.98162465114212922E-013
       1319, 4.72327777050918998E-013
       1320, 4.67361792164830904E-013
       1321, 5.29741621621293093E-013
       1322, 5.38757943147071912E-013
       1323, 5.70441832627601746E-013
       1324, 5.12861788969245151E-013
       1325, 5.91419975152724687E-013
       1326, 4.31192662742809645E-013
       1327, 5.16825839804254425E-013
       1328, 4.74266579982891985E-013
       1329, 5.07189717443677059E-013
       1330, 4.90546244370020455E-013
       1331, 5.45803305450622478E-013
       1332, 5.29274422577689480E-013
       1333, 5.28638728161632661E-013
       1334, 5.03439829095897413E-013
       1335, 4.88999017702725706E-013
       1336, 4.73362998628251645E-013
       1337, 4.77252251674254755E-013
       1338, 5.42489876574173852E-013
       1339, 5.15322058437216037E-013
       1340, 5.12269731347913712E-013
       1341, 4.61245288704429482E-013
       1342, 4.73304405279325495E-013
       1343, 5.02632556563367168E-013
       1344, 4.85163104861848155E-013
       1345, 5.47467104624156447E-013
       1346, 4.91173309618539974E-013
       1347, 5.68297736096584005E-013
       1348, 5.24203636122418343E-013
       1349, 5.02440547721635957E-013
       1350, 4.68750678584421065E-013
       1351, 5.33851168177149214E-013
       1352, 5.49205073182682199E-013
       1353, 5.05432618844803759E-013
       1354, 4.46951302228133131E-013
       1355, 5.11281891862880936E-013
       1356, 5.50273806874453824E-013
       1357, 5.01032327725686908E-013
       1358, 5.04122126024256082E-013
       1359, 5.11153521197047749E-013
       1360, 4.87198979618476009E-013
       1361, 4.87534308722072483E-013
       1362, 5.15528849661238710E-013
       1363, 4.45360792308226905E-013
       1364, 4.95004091792468651E-013
       1365, 5.31269858519473039E-013
       1366, 5.45010903748552347E-013
       1367, 5.00834814609813867E-013
       1368, 5.43206515168612965E-013
       1369, 5.60071495731745023E-013
       1370, 5.24157086470378741E-013
       1371, 5.61569518500652628E-013
       1372, 5.55518310900495607E-013
       1373, 5.67214066080060699E-013
       1374, 5.57097746536447992E-013
       1375, 5.39549616317968174E-013
       1376, 5.70349909653877942E-013
       1377, 5.93523457561081024E-013
       1378, 5.22607998177722007E-013
       1379, 5.08888536993370282E-013
       1380, 5.89881965519230267E-013
       1381, 5.70144345153346256E-013
       1382, 5.24027542892187588E-013
       1383, 5.54555840632299055E-013
       1384, 5.91048985923484944E-013
       1385, 5.11705471531474435E-013
       1386, 5.68162832356779769E-013
       1387, 5.19700059407733644E-013
       1388, 5.71636664799237640E-013
       1389, 4.88683662877788378E-013
       1390, 4.96810269037849194E-013
       1391, 5.35511130109940193E-013
       1392, 5.28371134195642008E-013
       1393, 5.89712526743557550E-013
       1394, 5.54212718328149169E-013
       1395, 6.18091435215559658E-013
       1396, 5.27259903205289997E-013
       1397, 5.28987036009927080E-013
       1398, 5.42468874330299013E-013
       1399, 5.76707036694015769E-013
       1400, 5.00307727757098919E-013
       1401, 5.29504059560316060E-013
       1402, 5.75569142378726043E-013
       1403, 5.73210846054450890E-013
       1404, 5.17368653037323778E-013
       1405, 5.54964069458611276E-013
       1406, 5.44499390605747153E-013
       1407, 5.26796462675832440E-013
       1408, 5.50858738730825077E-013
       1409, 5.43009843186106207E-013
       1410, 5.76623793024132341E-013
       1411, 5.74712084915020474E-013
       1412, 5.64360078415055623E-013
       1413, 5.61758824160999600E-013
       1414, 5.39805899235848243E-013
       1415, 5.12266672158805037E-013
       1416, 6.60725997771811473E-013
       1417, 5.98799747422776115E-013
       1418, 4.97539606875866938E-013
       1419, 5.28444338757374709E-013
       1420, 5.08220844628289218E-013
       1421, 6.11477565249311513E-013
       1422, 5.67084677341282940E-013
       1423, 5.62270076960958293E-013
       1424, 5.60928330732480750E-013
       1425, 6.14593464750095439E-013
       1426, 5.87103559967280430E-013
       1427, 6.37801326837233194E-013
       1428, 5.42886393594198391E-013
       1429, 6.39750884010922371E-013
       1430, 6.26957008009681325E-013
       1431, 5.58380125807774646E-013
       1432, 5.69556307696609984E-013
       1433, 5.65877569333426398E-013
       1434, 6.39675526474441160E-013
       1435, 5.23662574409356878E-013
       1436, 6.03176011263191996E-013
       1437, 5.87254228326050291E-013
       1438, 5.85696772460588411E-013
       1439, 6.22440865927509922E-013
       1440, 5.51292211028278105E-013
       1441, 5.95744560455958706E-013
       1442, 6.35497827087608405E-013
       1443, 5.96693549386975241E-013
       1444, 5.52383860075355025E-013
       1445, 6.33745945541415502E-013
       1446, 5.96716551778974625E-013
       1447, 6.27021199814078004E-013
       1448, 6.02026693495829996E-013
       1449, 6.29196543953161505E-013
       1450, 5.10065453250392046E-013
       1451, 6.13240748620382442E-013
       1452, 5.87954850240964020E-013
       1453, 5.27914931742541160E-013
       1454, 6.33304317272933213E-013
       1455, 6.16774648294159065E-013
       1456, 6.55393583633306713E-013
       1457, 6.23402527469288006E-013
       1458, 5.48300692556057574E-013
       1459, 5.36253549533029071E-013
       1460, 5.95157903589893439E-013
       1461, 5.83826361751875486E-013
       1462, 6.16415680637456847E-013
       1463, 5.56844773485257722E-013
       1464, 5.39117356105787258E-013
       1465, 5.50169872204205054E-013
       1466, 6.04621823690734493E-013
       1467, 5.35875776290859693E-013
       1468, 5.85128618025247271E-013
       1469, 5.33497157798838821E-013
       1470, 5.38511894611135788E-013
       1471, 6.09120243934505274E-013
       1472, 7.22680404932790442E-013
       1473, 6.21683517676471879E-013
       1474, 5.68572491019801021E-013
       1475, 5.72255594677719719E-013
       1476, 6.22758016037803848E-013
       1477, 6.06509118907861749E-013
       1478, 5.78033316767525255E-013
       1479, 5.56817241770340274E-013
       1480, 6.29364337132157200E-013
       1481, 5.97358037812770368E-013
       1482, 5.61629550528250185E-013
       1483, 5.60595347981811275E-013
       1484, 5.80326988876862213E-013
       1485, 6.61861897408728146E-013
       1486, 5.60245198515658638E-013
       1487, 6.02542181748147837E-013
       1488, 5.51571018240313989E-013
       1489, 5.26865087632065107E-013
       1490, 5.71911360021323722E-013
       1491, 5.96613022042310251E-013
       1492, 5.68608802935466237E-013
       1493, 5.97858586396072373E-013
       1494, 6.30318828550734588E-013
       1495, 5.81977613065184932E-013
       1496, 5.90709501520270652E-013
       1497, 6.00850896286560476E-013
       1498, 6.35307126091955353E-013
       1499, 5.62006013858664013E-013
       1500, 5.69428071831886973E-013
       1501, 5.89733348965524884E-013
       1502, 5.51014957881644985E-013
       1503, 5.42347112169802319E-013
       1504, 6.13768926494869256E-013
       1505, 5.83907091338905962E-013
       1506, 5.75608238407754386E-013
       1507, 6.18182242947654173E-013
       1508, 6.00125264806639566E-013
       1509, 5.58891268742574337E-013
       1510, 6.52431074097204045E-013
       1511, 6.51337693416605734E-013
       1512, 5.34516003838564289E-013
       1513, 6.04744167704778424E-013
       1514, 6.04464720843218233E-013
       1515, 6.07553436862164217E-013
       1516, 6.04829617547346376E-013
       1517, 5.95251277455071999E-013
       1518, 5.95440557357136673E-013
       1519, 6.41402859284297816E-013
       1520, 5.70601912644772062E-013
       1521, 5.48029411861065482E-013
       1522, 5.36816731723627503E-013
       1523, 5.90872539822700780E-013
       1524, 6.05304820294247159E-013
       1525, 6.79576171430805556E-013
       1526, 6.04404743370621813E-013
       1527, 5.88436515111740966E-013
       1528, 6.18589170514947677E-013
       1529, 5.98681413047737794E-013
       1530, 6.04305339501336947E-013
       1531, 6.65178141012874032E-013
       1532, 5.40566336707298333E-013
       1533, 5.74610017140751241E-013
       1534, 6.27161643040431874E-013
       1535, 5.51888652584437989E-013
       1536, 6.46625283537958193E-013
       1537, 5.86246578429703464E-013
       1538, 6.09439916776215115E-013
       1539, 6.04942677162997809E-013
       1540, 5.45446514874750488E-013
       1541, 6.65409186745850514E-013
       1542, 7.07622537409814916E-013
       1543, 6.13801760660296577E-013
       1544, 5.71460580308143703E-013
       1545, 6.69755701358175542E-013
       1546, 6.19770397611572145E-013
       1547, 6.04256469064198652E-013
       1548, 5.62743266302117862E-013
       1549, 6.18663235428866431E-013
       1550, 6.56294789359750071E-013
       1551, 6.17722841656013527E-013
       1552, 5.89569275273745353E-013
       1553, 7.52566422699673269E-013
       1554, 7.09846160415604473E-013
       1555, 6.63804669907563767E-013
       1556, 5.57455600112509704E-013
       1557, 5.65693612965111331E-013
       1558, 6.12135464771888368E-013
       1559, 5.77653862753722381E-013
       1560, 5.58674418335103297E-013
       1561, 5.68550524206127681E-013
       1562, 6.50198452381261345E-013
       1563, 6.16697857204434112E-013
       1564, 6.30874376607745496E-013
       1565, 5.71167817241353457E-013
       1566, 5.98083858861618328E-013
       1567, 5.73941174210534207E-013
       1568, 6.44961741723149719E-013
       1569, 6.33009305959544039E-013
       1570, 6.96660357920062395E-013
       1571, 6.40055332770903158E-013
       1572, 6.02224391229538915E-013
       1573, 7.42587894961437678E-013
       1574, 6.55989436410398452E-013
       1575, 7.05660372609313692E-013
       1576, 6.37227377180702854E-013
       1577, 5.73795077762355341E-013
       1578, 5.69303874891059973E-013
       1579, 6.03301536259353424E-013
       1580, 6.80504128391229815E-013
       1581, 6.69291580708315114E-013
       1582, 6.46762802343784826E-013
       1583, 6.75175967029705303E-013
       1584, 6.10334291709167654E-013
       1585, 6.64433208289410024E-013
       1586, 5.71100264420724803E-013
       1587, 5.83826540487971220E-013
       1588, 5.96029335579945027E-013
       1589, 6.83853054299785700E-013
       1590, 6.29546426701872143E-013
       1591, 6.49237181229679303E-013
       1592, 6.19126075320305562E-013
       1593, 5.90051698202966747E-013
       1594, 6.27302929038366064E-013
       1595, 6.61965911174758127E-013
       1596, 6.20266764395779512E-013
       1597, 5.58250563705095817E-013
       1598, 6.29183001454248914E-013
       1599, 5.66645366738046098E-013
       1600, 6.02876920415364071E-013
       1601, 5.75919926537587386E-013
       1602, 5.80361596372944056E-013
       1603, 6.69400145798111553E-013
       1604, 6.56634643490227680E-013
       1605, 6.00556017336075240E-013
       1606, 6.50028969057449481E-013
       1607, 6.24622261704803279E-013
       1608, 5.93141934343583334E-013
       1609, 7.20400525273534088E-013
       1610, 6.34719974105908262E-013
       1611, 5.66982391566449414E-013
       1612, 5.82841127056084248E-013
       1613, 6.61661995979465483E-013
       1614, 6.52339679912438794E-013
       1615, 6.17244977203945848E-013
       1616, 6.42040817736141047E-013
       1617, 6.23079897705730005E-013
       1618, 6.44885531076991153E-013
       1619, 6.23501801157868426E-013
       1620, 6.55623200954469408E-013
       1621, 5.65139321367376530E-013
       1622, 6.50978931262231618E-013
       1623, 6.25707730338010928E-013
       1624, 6.45750545454173170E-013
       1625, 7.00115691355705308E-013
       1626, 6.60581402243974494E-013
       1627, 5.98307578339749211E-013
       1628, 5.99280942057314510E-013
       1629, 7.05679446388830009E-013
       1630, 6.25538831241179308E-013
       1631, 6.30705449860657573E-013
       1632, 7.01592430964836989E-013
       1633, 5.91629071856073643E-013
       1634, 6.51367105350731714E-013
       1635, 6.43837372961136520E-013
       1636, 7.01552219713461590E-013
       1637, 6.62664382683638934E-013
       1638, 6.28835423243689834E-013
       1639, 5.60339431830760346E-013
       1640, 6.70675668061630583E-013
       1641, 6.76776122472619265E-013
       1642, 6.41201194056408032E-013
       1643, 6.08192585206710652E-013
       1644, 6.47087032242712888E-013
       1645, 6.66262696836081589E-013
       1646, 6.91926267289911237E-013
       1647, 5.97306849769646563E-013
       1648, 6.85910490448185836E-013
       1649, 5.74180151614768000E-013
       1650, 5.90615316129030857E-013
       1651, 6.63953365641043828E-013
       1652, 6.52159498983949713E-013
       1653, 6.23263388148700894E-013
       1654, 6.69883562421754799E-013
       1655, 6.35462142178782671E-013
       1656, 6.95253974988462349E-013
       1657, 6.34371334203519779E-013
       1658, 7.14185540652937803E-013
       1659, 6.51565568415035156E-013
       1660, 6.85113773055109512E-013
       1661, 6.36095249308946407E-013
       1662, 6.46614869327751217E-013
       1663, 5.99004827282804456E-013
       1664, 6.41759780778528315E-013
       1665, 6.44659391710327256E-013
       1666, 6.41426841798857256E-013
       1667, 6.82281428532163211E-013
       1668, 7.16189121442201674E-013
       1669, 6.00206146838148075E-013
       1670, 6.51387919732118170E-013
       1671, 6.96678591543072142E-013
       1672, 6.54838386803525983E-013
       1673, 7.14247244875060180E-013
       1674, 6.88796546361609807E-013
       1675, 6.05650628297547744E-013
       1676, 6.68111883123927335E-013
       1677, 7.90212599348307500E-013
       1678, 6.29666693584586285E-013
       1679, 6.60204426194211903E-013
       1680, 6.92164449589676507E-013
       1681, 6.59973728000568383E-013
       1682, 7.37160749480752809E-013
       1683, 6.19856678168233563E-013
       1684, 6.86831521102987329E-013
       1685, 6.65312701424808470E-013
       1686, 6.08380697399710467E-013
       1687, 6.43243295011188282E-013
       1688, 6.93629604660752307E-013
       1689, 6.75366930633252464E-013
       1690, 6.60284058468902308E-013
       1691, 6.09037975875138650E-013
       1692, 6.24042939827595886E-013
       1693, 6.28464009730979905E-013
       1694, 6.96947362952351237E-013
       1695, 6.27139179055446440E-013
       1696, 6.69517425966034760E-013
       1697, 7.05553725045985554E-013
       1698, 6.11678476371395281E-013
       1699, 6.26510124695729502E-013
       1700, 7.02643533398549581E-013
       1701, 6.62691147870910748E-013
       1702, 6.69474098247911927E-013
       1703, 6.51327094743274936E-013
       1704, 6.82438253146343592E-013
       1705, 6.41640839533811105E-013
       1706, 6.43972018165336975E-013
       1707, 6.79570801874292171E-013
       1708, 6.54848855880058645E-013
       1709, 6.63999566870670944E-013
       1710, 7.16774400691547327E-013
       1711, 5.96350925367023135E-013
       1712, 6.78327729216722504E-013
       1713, 6.80717541855258238E-013
       1714, 6.65957898807722667E-013
       1715, 6.27145739332888724E-013
       1716, 7.10454636568062414E-013
       1717, 7.33973783457298561E-013
       1718, 7.05321796932098378E-013
       1719, 6.96719857329637510E-013
       1720, 7.02544102781171048E-013
       1721, 6.19033197821619926E-013
       1722, 6.65482223108359189E-013
       1723, 7.15418029484032268E-013
       1724, 7.13249236671104724E-013
       1725, 6.80867370043785200E-013
       1726, 6.33075638785398959E-013
       1727, 6.87517180181112781E-013
       1728, 6.21584904976001773E-013
       1729, 6.88903090366715368E-013
       1730, 6.75964315898066181E-013
       1731, 6.71549993211886192E-013
       1732, 7.39172995237791244E-013
       1733, 6.74175352230659031E-013
       1734, 6.53133387719905240E-013
       1735, 6.82680896547688093E-013
       1736, 6.65499911932963340E-013
       1737, 6.91191457180888623E-013
       1738, 6.91645082188704869E-013
       1739, 6.93754825745761186E-013
       1740, 6.51085418404668741E-013
       1741, 6.44000068519991507E-013
       1742, 6.37456248796718223E-013
       1743, 6.21516425342245188E-013
       1744, 6.41341487484470898E-013
       1745, 6.49959386373141847E-013
       1746, 6.39755279323347310E-013
       1747, 6.83714003776637892E-013
       1748, 6.57992627480165264E-013
       1749, 6.77509024154082970E-013
       1750, 6.43803555027906355E-013
       1751, 6.72964471273076611E-013
       1752, 6.30039931753654109E-013
       1753, 6.61853511602626428E-013
       1754, 6.77326327566391668E-013
       1755, 6.51069424550776044E-013
       1756, 6.25635475173601967E-013
       1757, 6.73763143355156004E-013
       1758, 6.97914795713610394E-013
       1759, 6.92512454391055410E-013
       1760, 6.80773499358125250E-013
       1761, 6.60464970228548525E-013
       1762, 7.37373833849207379E-013
       1763, 6.66010234938805720E-013
       1764, 7.11901228780425856E-013
       1765, 6.75414543649080476E-013
       1766, 6.77707854657405924E-013
       1767, 6.63185100896025045E-013
       1768, 6.66488250283591300E-013
       1769, 7.58026614189519951E-013
       1770, 6.41934311757080372E-013
       1771, 6.52467230368852883E-013
       1772, 6.90313903549730532E-013
       1773, 6.78901820389478542E-013
       1774, 6.99146981372508941E-013
       1775, 7.29768044709347970E-013
       1776, 7.29052162636278051E-013
       1777, 6.81991145171546798E-013
       1778, 6.94257954890708644E-013
       1779, 7.08180483308798617E-013
       1780, 6.62373095856078986E-013
       1781, 7.07147762044176420E-013
       1782, 6.74016702382194339E-013
       1783, 6.33096424677929226E-013
       1784, 7.08556556201836614E-013
       1785, 6.75975178569767358E-013
       1786, 7.63859769807048679E-013
       1787, 6.30048684093763715E-013
       1788, 7.10525921310703557E-013
       1789, 7.48896137091399396E-013
       1790, 6.87177754658243810E-013
       1791, 7.37167153758015363E-013
       1792, 8.04587298515254385E-013
       1793, 7.28088808397741137E-013
       1794, 7.00613993997848801E-013
       1795, 6.79556127797902141E-013
       1796, 7.55986564854507744E-013
       1797, 6.85603834557422021E-013
       1798, 7.61346519892550584E-013
       1799, 6.92876333468942462E-013
       1800, 7.68740218368665536E-013
       1801, 7.12014176717388409E-013
       1802, 6.65842351517799948E-013
       1803, 7.50808292926614334E-013
       1804, 7.26200047971146489E-013
       1805, 7.07452502106276599E-013
       1806, 7.18283132673765581E-013
       1807, 6.95466931419166927E-013
       1808, 8.55893882089709511E-013
       1809, 7.29728543134098531E-013
       1810, 7.56147911587990128E-013
       1811, 7.59427099182881131E-013
       1812, 7.83687351604259698E-013
       1813, 7.43358090272541677E-013
       1814, 8.09745819775210264E-013
       1815, 7.38133950230801833E-013
       1816, 7.93664368852410322E-013
       1817, 6.71748002422101960E-013
       1818, 6.87954824164615810E-013
       1819, 7.90170944055231761E-013
       1820, 7.27671052258632080E-013
       1821, 7.99181274016458081E-013
       1822, 7.24378623137831460E-013
       1823, 8.34537719470418063E-013
       1824, 7.61065133838464750E-013
       1825, 8.07602981660453055E-013
       1826, 8.61782970908139852E-013
       1827, 7.62884073677937287E-013
       1828, 7.08362038365309264E-013
       1829, 8.06357585492681080E-013
       1830, 8.13189620157457580E-013
       1831, 7.65468464338869949E-013
       1832, 7.26785844961356934E-013
       1833, 8.24047108510667199E-013
       1834, 7.70006140260396074E-013
       1835, 8.05670034602919014E-013
       1836, 8.96648900840034721E-013
       1837, 8.15670036326658557E-013
       1838, 7.66412407568466865E-013
       1839, 8.76455849211726776E-013
       1840, 7.91881107278464278E-013
       1841, 8.73590907029769325E-013
       1842, 7.81648532033177741E-013
       1843, 8.20159930623203458E-013
       1844, 7.95489928915131903E-013
       1845, 7.96328222224701089E-013
       1846, 8.04404171034728962E-013
       1847, 8.70207276578227819E-013
       1848, 7.91490689754598077E-013
       1849, 8.57789518559842010E-013
       1850, 8.06761874766482490E-013
       1851, 8.08725881307752871E-013
       1852, 8.54749479184845728E-013
       1853, 9.47631368531702124E-013
       1854, 9.17088695023936839E-013
       1855, 8.85990082122445316E-013
       1856, 9.04967787352353880E-013
       1857, 8.39925043074925809E-013
       1858, 9.08893506608529059E-013
       1859, 7.86967880370886255E-013
       1860, 8.82271709949642849E-013
       1861, 8.64632069348621789E-013
       1862, 8.35301514706802208E-013
       1863, 8.77442282276947810E-013
       1864, 8.94179827408767142E-013
       1865, 8.39991246723844912E-013
       1866, 9.16061416203281588E-013
       1867, 8.49412834956670875E-013
       1868, 8.45828364045538513E-013
       1869, 1.00704127003717810E-012
       1870, 9.84048586136416615E-013
       1871, 8.90256848230344706E-013
       1872, 8.81977395321465504E-013
       1873, 1.05189325610491375E-012
       1874, 8.20071920724120912E-013
       1875, 9.25784614977218684E-013
       1876, 1.00612307143144764E-012
       1877, 9.25292389409331928E-013
       1878, 9.81950982735632367E-013
       1879, 9.89897445616246883E-013
       1880, 8.96154271834641942E-013
       1881, 9.08527985118309643E-013
       1882, 8.47849427424736722E-013
       1883, 9.40418624598681451E-013
       1884, 9.63381350530188090E-013
       1885, 9.60224591950406123E-013
       1886, 1.00277493949418221E-012
       1887, 1.01907493192569674E-012
       1888, 1.07085047791236753E-012
       1889, 1.00058665384032005E-012
       1890, 8.45240125083470837E-013
       1891, 9.62603833529507364E-013
       1892, 8.94854577668214635E-013
       1893, 1.05035482032308853E-012
       1894, 9.79963993957748632E-013
       1895, 9.19028738776950833E-013
       1896, 9.14708377772314925E-013
       1897, 9.01893670498516840E-013
       1898, 1.00640891768424658E-012
       1899, 1.05325127689243809E-012
       1900, 9.77009783641169295E-013
       1901, 1.02371446407634921E-012
       1902, 8.52630172083784720E-013
       1903, 9.55264706243909036E-013
       1904, 9.36174220877453252E-013
       1905, 1.13669823261936396E-012
       1906, 1.04622414139223852E-012
       1907, 9.30465779674205343E-013
       1908, 9.97231987353883189E-013
       1909, 9.46290321968930926E-013
       1910, 8.81303435218823234E-013
       1911, 1.07595912589246153E-012
       1912, 9.86600081505570641E-013
       1913, 8.89677024793304105E-013
       1914, 9.55024652353766225E-013
       1915, 1.09430145150898193E-012
       1916, 8.45850561202211373E-013
       1917, 9.22530167142665896E-013
       1918, 1.02853034783904625E-012
       1919, 1.05304793390035217E-012
       1920, 1.12600858905858756E-012
       1921, 8.79973505429268246E-013
       1922, 9.56555325241445905E-013
       1923, 1.05345434491524707E-012
       1924, 9.57363395013909168E-013
       1925, 1.03479914654968154E-012
       1926, 8.97343219783611483E-013
       1927, 9.89702511864644056E-013
       1928, 8.85586953768447283E-013
       1929, 9.50864529789778469E-013
       1930, 9.80543095221344232E-013
       1931, 8.57550015638381631E-013
       1932, 1.05503360993826755E-012
       1933, 1.13555847151561354E-012
       1934, 1.00213731785285242E-012
       1935, 1.11664087680056830E-012
       1936, 1.17081054395270857E-012
       1937, 1.05816234593243441E-012
       1938, 1.04218082083597641E-012
       1939, 9.26141013634545771E-013
       1940, 1.05694899937050130E-012
       1941, 1.06934048276390434E-012
       1942, 9.69231944092657360E-013
       1943, 1.13588682426150271E-012
       1944, 9.48363936952119729E-013
       1945, 1.07819945614577936E-012
       1946, 1.06359450588910014E-012
       1947, 9.65161895223435239E-013
       1948, 9.81349294507129613E-013
       1949, 1.04294350251204513E-012
       1950, 9.37075914813541723E-013
       1951, 9.96071057117555568E-013
       1952, 1.04209601370306099E-012
       1953, 1.07669289610762467E-012
       1954, 1.07754438013824298E-012
       1955, 1.22307456944146561E-012
       1956, 1.20474372787332223E-012
       1957, 1.19752861596328876E-012
       1958, 1.23144520194593070E-012
       1959, 1.10298638241811015E-012
       1960, 1.00939993761814555E-012
       1961, 1.03148283309479591E-012
       1962, 1.11165837934231310E-012
       1963, 1.04878921532305229E-012
       1964, 9.95076184702300339E-013
       1965, 8.49355604306797156E-013
       1966, 1.18791344211018340E-012
       1967, 1.07556304564160379E-012
       1968, 9.74959106418156980E-013
       1969, 1.22249936185429761E-012
       1970, 1.00999672673063740E-012
       1971, 1.25980761318634210E-012
       1972, 1.01533385098287543E-012
       1973, 1.10151017317187079E-012
       1974, 1.04670756780104521E-012
       1975, 1.17859243709200520E-012
       1976, 1.29228167552978210E-012
       1977, 1.37769367364503399E-012
       1978, 1.18943423506100499E-012
       1979, 1.14400170400016158E-012
       1980, 1.19245627598522807E-012
       1981, 1.06073705112202738E-012
       1982, 1.10383378270972752E-012
       1983, 1.17885764128127092E-012
       1984, 1.06862941688285942E-012
       1985, 1.18517669269501808E-012
       1986, 9.15340384287478531E-013
       1987, 1.20243552744740621E-012
       1988, 1.17150844916112419E-012
       1989, 1.17728886687531356E-012
       1990, 1.02641596785402090E-012
       1991, 1.01331672017396607E-012
       1992, 1.25376064289315788E-012
       1993, 1.10642240407152516E-012
       1994, 1.10140729723261607E-012
       1995, 1.02897517646716452E-012
       1996, 1.16284642758339612E-012
       1997, 1.10174925800525383E-012
       1998, 1.04160930748842877E-012
       1999, 1.10022706013320884E-012
       2000, 1.05142116037751497E-012
       2001, 1.21891662535997310E-012
       2002, 1.09077264787880086E-012
       2003, 1.24325842679272273E-012
       2004, 1.18183830804719606E-012
       2005, 1.08103511728824929E-012
       2006, 1.06314958430117638E-012
       2007, 1.11841769958540730E-012
       2008, 1.15169965530343622E-012
       2009, 1.37032990402559281E-012
       2010, 1.28628864269193218E-012
       2011, 1.26953496464120264E-012
       2012, 1.20514053886856099E-012
       2013, 1.27318581186151790E-012
       2014, 1.21777056772399483E-012
       2015, 1.18592187492792152E-012
       2016, 1.23924044516383800E-012
       2017, 1.19244750501656426E-012
       2018, 1.12877665470959083E-012
       2019, 1.19958130109720133E-012
       2020, 1.07206693053975088E-012
       2021, 1.35933304469724253E-012
       2022, 1.40091440225659784E-012
       2023, 1.38443613333837103E-012
       2024, 1.47720695815167811E-012
       2025, 1.33796062119266217E-012
       2026, 1.31852215296553453E-012
       2027, 1.47821249775133015E-012
       2028, 1.50626884580220697E-012
       2029, 1.49700591202193884E-012
       2030, 1.57696569427235288E-012
       2031, 1.61021694220654321E-012
       2032, 1.40266728543629359E-012
       2033, 1.36793560847246610E-012
       2034, 1.64815217885520777E-012
       2035, 1.37398611325770760E-012
       2036, 1.58129041973758020E-012
       2037, 1.45414549888662201E-012
       2038, 1.59266968358760205E-012
       2039, 1.43533979611615691E-012
       2040, 1.62146983252944612E-012
       2041, 1.90797374410100846E-012
       2042, 1.51188279776229652E-012
       2043, 1.54787321579542312E-012
       2044, 1.74212803526756882E-012
       2045, 1.87795317907455508E-012
       2046, 2.40897868507750520E-012
       2047, 1.76984294290686924E-012
       2048, 2.20279597465625028E-012
      -2046, 2.40897868507750520E-012
          0, 1.24945468448384218E-013
