         0, 2147483647,  1010, 1.25609184041879444E+304
         1,    2096128,  1010, 2.33784094124634578E-001
         2,    2096128,  1010, 4.61690667716637748E-001
         3,    2096128,  1010, 7.47352129828324552E-001
         4,    2096128,  1010, 5.30275659654873999E-001
         5,    2096128,  1010, 1.01229542272247508E-001
         6,    2096128,  1010, 4.01830790071451352E-002
         7,    2096128,  1010, 5.59962971014267043E-003
         8,    2096111,  1010, 1.76825974738434988E-004
         9,    2032534,  1010, 2.98222577663157934E-007
        10,     686607,  1010, 1.61107891055388367E-011
        11,     188242,  1010, 2.55009713365485360E-015
        12,      16008,  1010, 2.52519991378578698E-015
        13,         75,  1010, 2.51749522653564008E-015
        14,          7,  1010, 2.50329019356226201E-015
        15,          0,  1010, 0.00000000000000000E+000
"j", "||(G*V)j - (U*Σ)j||_F / Σj"
          1, 4.31578151775829807E-013
          2, 4.14818355617100863E-013
          3, 3.85912055943486108E-013
          4, 4.14759015947677007E-013
          5, 4.23693078058806563E-013
          6, 4.03154690286018452E-013
          7, 3.98509140713793875E-013
          8, 4.04162082403982695E-013
          9, 3.85643339284724434E-013
         10, 3.78177504130416106E-013
         11, 4.01013817900062336E-013
         12, 4.28155993691040334E-013
         13, 4.21945718051765088E-013
         14, 4.16308881453465610E-013
         15, 4.25335676307774982E-013
         16, 4.04241354753282494E-013
         17, 4.01484034823665438E-013
         18, 4.10292004247003612E-013
         19, 3.92841896613802732E-013
         20, 4.54259756228896227E-013
         21, 4.19305244153625252E-013
         22, 4.25430730657997230E-013
         23, 3.92309186165003200E-013
         24, 4.14020920415654898E-013
         25, 4.07479018336413970E-013
         26, 3.87233212037030630E-013
         27, 3.97267154114026502E-013
         28, 4.26034591727445588E-013
         29, 3.65088920355986249E-013
         30, 3.97551697562987964E-013
         31, 4.31872593909479947E-013
         32, 3.95430078644581362E-013
         33, 3.93458006587044325E-013
         34, 3.98488299043122455E-013
         35, 4.07070301690419638E-013
         36, 4.16309847766700885E-013
         37, 4.02502451400151015E-013
         38, 3.83584935632024673E-013
         39, 3.94952468191462205E-013
         40, 4.28475343349737375E-013
         41, 4.04461326101350225E-013
         42, 4.05375054555079822E-013
         43, 4.22096999707164102E-013
         44, 4.44080428028777960E-013
         45, 4.05478023992625710E-013
         46, 4.07222459310802991E-013
         47, 4.41615188842290566E-013
         48, 4.67648330502956627E-013
         49, 4.05173201367919654E-013
         50, 4.17529250505423773E-013
         51, 4.08139213183446486E-013
         52, 4.01960825470169134E-013
         53, 4.17054674834211829E-013
         54, 4.51402488818280880E-013
         55, 4.28379409408748000E-013
         56, 4.35599573592672740E-013
         57, 4.61460110912372620E-013
         58, 4.07098581972459861E-013
         59, 4.70364736855741853E-013
         60, 4.41631967993128309E-013
         61, 4.52631979003101336E-013
         62, 4.49639574611210923E-013
         63, 4.30374659281370038E-013
         64, 4.47589654683325491E-013
         65, 4.67949196296123802E-013
         66, 3.82892294505238526E-013
         67, 4.35383958192560029E-013
         68, 4.43557505574033047E-013
         69, 4.70970216959673775E-013
         70, 4.20243919359165686E-013
         71, 4.56120279344670784E-013
         72, 4.49306207191386631E-013
         73, 4.34323025522969787E-013
         74, 4.34824764304846232E-013
         75, 4.66572791330001730E-013
         76, 4.22811875779711345E-013
         77, 4.26513377749183180E-013
         78, 4.79846028952099075E-013
         79, 4.14034397332517128E-013
         80, 4.32033443298146478E-013
         81, 4.73748192273349162E-013
         82, 4.23684314799985572E-013
         83, 4.33777231884360907E-013
         84, 4.19753399257348923E-013
         85, 4.23085512738644739E-013
         86, 4.20734703847008873E-013
         87, 4.32626013366751658E-013
         88, 4.19517126603235789E-013
         89, 4.65985300977852621E-013
         90, 4.50659299146109108E-013
         91, 3.98273657231973720E-013
         92, 4.28775051473709136E-013
         93, 4.29561645138499226E-013
         94, 4.25291851938284211E-013
         95, 4.00051037434395944E-013
         96, 4.52689239926463874E-013
         97, 4.25526882408673367E-013
         98, 4.33979043290313295E-013
         99, 4.00977522898324914E-013
        100, 4.35309492561175661E-013
        101, 4.12536313829443902E-013
        102, 4.61925599743777691E-013
        103, 4.35720879849659498E-013
        104, 4.29652535446539369E-013
        105, 4.42386008693359620E-013
        106, 4.00530312242706177E-013
        107, 4.91696447989404524E-013
        108, 4.38767703029856503E-013
        109, 4.57990883223585041E-013
        110, 4.39668717287031224E-013
        111, 4.88019206725568188E-013
        112, 4.50912906037751085E-013
        113, 4.54318508620297175E-013
        114, 3.88988314765990785E-013
        115, 4.37595911349588250E-013
        116, 4.51026995787221831E-013
        117, 4.40817245842509272E-013
        118, 4.85867727505140646E-013
        119, 4.50383586742757242E-013
        120, 4.16426572984876215E-013
        121, 4.93383299343449674E-013
        122, 4.47148199340527418E-013
        123, 4.34138522763336706E-013
        124, 4.74746938675920061E-013
        125, 4.83893994515987073E-013
        126, 5.37397804888869413E-013
        127, 4.59524948042269755E-013
        128, 4.74518488103536821E-013
        129, 4.10690451831385648E-013
        130, 5.08491074344669494E-013
        131, 4.50242647231658703E-013
        132, 4.24674074079072245E-013
        133, 4.40008496349931708E-013
        134, 4.51839770267756708E-013
        135, 4.88221791157370835E-013
        136, 4.52565794445340680E-013
        137, 4.02723271956916069E-013
        138, 4.59002542084133692E-013
        139, 4.18471138379164081E-013
        140, 4.69780070738599327E-013
        141, 4.29808222124373545E-013
        142, 4.14545297122469929E-013
        143, 4.58056069159288827E-013
        144, 4.38289884157225597E-013
        145, 4.69154899284048196E-013
        146, 4.44160796044056183E-013
        147, 4.61588626434401833E-013
        148, 4.09590952381750370E-013
        149, 4.82192846788772697E-013
        150, 4.20554710861757442E-013
        151, 4.22176415953385882E-013
        152, 4.75788409974639327E-013
        153, 4.84518679939528700E-013
        154, 4.45250100713283036E-013
        155, 4.26437057321554136E-013
        156, 4.64743024018364942E-013
        157, 4.53651843509335370E-013
        158, 4.49335110299615598E-013
        159, 4.54838967919380831E-013
        160, 4.84367474869825017E-013
        161, 4.85685720231680180E-013
        162, 4.94291541098596734E-013
        163, 4.63694281834696800E-013
        164, 4.66954373822840447E-013
        165, 4.43790861536550483E-013
        166, 4.03317145046287500E-013
        167, 4.79841835013451714E-013
        168, 4.80639645104710359E-013
        169, 5.05357036395312495E-013
        170, 4.67747743740412310E-013
        171, 4.89489763904783842E-013
        172, 4.90988114079328342E-013
        173, 4.50708731119930019E-013
        174, 4.43150140045490223E-013
        175, 4.64868100998191956E-013
        176, 4.99705857055459982E-013
        177, 4.55344152576308068E-013
        178, 4.73339274272148074E-013
        179, 4.31851273877092778E-013
        180, 4.49529744407771012E-013
        181, 4.59165184440249322E-013
        182, 4.44491895083197235E-013
        183, 4.24454384297958890E-013
        184, 4.36109301387520602E-013
        185, 4.67869711618087577E-013
        186, 4.36025991240913079E-013
        187, 4.68562655775633116E-013
        188, 4.49846593832747848E-013
        189, 5.25719845794481308E-013
        190, 4.59386406656187959E-013
        191, 4.35487830564191497E-013
        192, 4.77566253144348889E-013
        193, 4.37890185945636876E-013
        194, 4.14561253610213241E-013
        195, 4.36010143489488301E-013
        196, 4.65334858187203654E-013
        197, 4.26932060134023290E-013
        198, 4.20318679828333775E-013
        199, 4.94808576281220045E-013
        200, 4.96358930757076092E-013
        201, 3.96295736004507688E-013
        202, 4.57433034575889309E-013
        203, 4.53630880408610006E-013
        204, 4.68261556964017676E-013
        205, 4.01458079030748421E-013
        206, 4.54238874408404756E-013
        207, 4.88346109768660131E-013
        208, 4.80082249876049526E-013
        209, 4.49736050378660507E-013
        210, 4.67937129578700539E-013
        211, 4.73897374897390658E-013
        212, 4.89158754194998305E-013
        213, 5.02861489513448175E-013
        214, 4.68992080129397557E-013
        215, 4.22747806981015148E-013
        216, 4.24065348908167455E-013
        217, 4.52482666743910191E-013
        218, 4.79108858256837214E-013
        219, 4.52025301301904288E-013
        220, 4.26330285865689550E-013
        221, 4.73435581911305478E-013
        222, 4.42141171351689761E-013
        223, 5.05942246855833429E-013
        224, 5.30816621611826432E-013
        225, 4.56540635383091590E-013
        226, 4.19040055149511049E-013
        227, 4.79609071752655911E-013
        228, 4.44020289078056716E-013
        229, 4.37771765658858285E-013
        230, 4.51300592791402072E-013
        231, 4.58777016159227393E-013
        232, 4.72640832760982884E-013
        233, 4.95262400823976423E-013
        234, 4.19215573060370693E-013
        235, 4.58739990542132716E-013
        236, 5.60185121917417917E-013
        237, 4.52706618552277846E-013
        238, 4.91981251512001447E-013
        239, 4.40306468364280440E-013
        240, 4.77297756177102904E-013
        241, 4.93036725692366647E-013
        242, 5.03552771171955140E-013
        243, 4.64795717264095895E-013
        244, 4.59608714377475486E-013
        245, 4.51911893766207643E-013
        246, 4.36476385701262243E-013
        247, 4.82912018226259835E-013
        248, 4.71099077245016199E-013
        249, 4.93484220289589658E-013
        250, 4.74981147482109390E-013
        251, 5.05820086928045006E-013
        252, 4.64594387927186230E-013
        253, 4.55497163424033552E-013
        254, 4.43674424727886252E-013
        255, 4.92594873587705337E-013
        256, 4.58964483566265211E-013
        257, 4.78273427754818097E-013
        258, 4.69150091355394551E-013
        259, 4.75709499552445724E-013
        260, 4.46043704466389789E-013
        261, 4.58470208094153214E-013
        262, 4.84308864071722563E-013
        263, 4.69439627364735648E-013
        264, 4.50329543457314025E-013
        265, 5.21675433409902413E-013
        266, 5.13540287859005388E-013
        267, 4.45328686436541265E-013
        268, 4.71697373785667658E-013
        269, 4.91539395466388762E-013
        270, 4.39130863346968385E-013
        271, 5.14630435671881621E-013
        272, 4.69328833595287169E-013
        273, 4.57252844055726965E-013
        274, 5.10002009832949277E-013
        275, 5.00706439706126093E-013
        276, 4.88716619913148044E-013
        277, 4.58441880068870186E-013
        278, 4.83688307512055132E-013
        279, 4.49039255327531602E-013
        280, 4.85548272402606226E-013
        281, 4.74015029567257446E-013
        282, 4.68461685703509587E-013
        283, 4.29997673992354322E-013
        284, 4.36491830823740500E-013
        285, 4.74337694091876774E-013
        286, 4.62367484767398993E-013
        287, 4.28921570288168603E-013
        288, 4.62900975672249375E-013
        289, 4.57801276616412353E-013
        290, 4.62951908848691647E-013
        291, 4.39888725016442767E-013
        292, 4.97660571771455151E-013
        293, 4.80143092803224218E-013
        294, 4.84592600871719366E-013
        295, 4.67183953780135219E-013
        296, 4.63582986013621101E-013
        297, 5.20215629114467935E-013
        298, 4.86895059942922045E-013
        299, 5.22922250132772832E-013
        300, 5.21986236381744233E-013
        301, 4.99301767525978392E-013
        302, 4.97584092321374392E-013
        303, 4.66648613199877943E-013
        304, 5.11012536740785130E-013
        305, 4.81218446272686655E-013
        306, 4.91426941153299626E-013
        307, 5.28856288809335435E-013
        308, 5.33807477007611857E-013
        309, 4.33289241128662551E-013
        310, 4.99788018520793928E-013
        311, 5.29731165509007682E-013
        312, 5.10864202709465647E-013
        313, 5.17250652151006457E-013
        314, 5.54073640781102535E-013
        315, 5.45363934529723932E-013
        316, 5.14757298257874504E-013
        317, 5.08033580444137822E-013
        318, 4.68265503284296298E-013
        319, 4.93406634246383200E-013
        320, 5.49391085847109834E-013
        321, 5.22359550236075600E-013
        322, 5.06345898352600657E-013
        323, 5.35245680919174200E-013
        324, 4.80911080577612058E-013
        325, 4.91827895870069091E-013
        326, 5.41651867686103750E-013
        327, 5.16770399038585460E-013
        328, 5.34378266164940832E-013
        329, 4.71376498995395665E-013
        330, 4.98994547931288818E-013
        331, 5.34073351223546317E-013
        332, 5.07440337047628534E-013
        333, 5.45837565461341965E-013
        334, 5.48613599298365331E-013
        335, 5.08454121529944087E-013
        336, 5.38850031911757807E-013
        337, 4.78718499241789657E-013
        338, 4.93669882461443254E-013
        339, 5.59825245693571749E-013
        340, 5.14903721244315056E-013
        341, 4.95423694565767636E-013
        342, 4.83946154874895813E-013
        343, 5.62027997264176093E-013
        344, 5.44818228595159163E-013
        345, 5.28241912220545403E-013
        346, 4.91798760991787995E-013
        347, 4.86010078104639776E-013
        348, 5.17252542591878678E-013
        349, 5.00159590200328914E-013
        350, 5.62551478455188252E-013
        351, 5.76527402752489110E-013
        352, 5.00577410882333701E-013
        353, 4.82728563535704022E-013
        354, 5.56820936046847814E-013
        355, 5.66290611033255953E-013
        356, 5.12077807734640486E-013
        357, 6.04680306275387618E-013
        358, 5.04628483598379364E-013
        359, 5.01494667124165990E-013
        360, 5.20696940268497519E-013
        361, 5.00046712928122003E-013
        362, 5.30745753404064715E-013
        363, 5.27149526323295371E-013
        364, 6.05202384408274682E-013
        365, 5.02450048777445203E-013
        366, 5.58174105496463484E-013
        367, 4.89913077557861606E-013
        368, 5.41030352343665277E-013
        369, 5.51358101162397069E-013
        370, 5.68704139640284655E-013
        371, 5.29047803958856114E-013
        372, 5.10867150466544198E-013
        373, 5.35897959956276843E-013
        374, 5.42074814811587304E-013
        375, 5.39076825927493777E-013
        376, 4.77846715577971219E-013
        377, 5.43491781513672966E-013
        378, 5.44329789912901137E-013
        379, 5.01648179828709381E-013
        380, 5.19551562082835243E-013
        381, 5.45722937300502959E-013
        382, 5.73118532108067151E-013
        383, 5.75378928766592469E-013
        384, 4.48711106850631873E-013
        385, 5.52091336689196481E-013
        386, 4.86935962380488795E-013
        387, 5.44618712579634329E-013
        388, 5.48514914724134642E-013
        389, 5.44063297977689202E-013
        390, 4.95314523870899801E-013
        391, 4.96106473316688744E-013
        392, 5.04385983065075024E-013
        393, 5.47139411716652582E-013
        394, 5.62425202163210601E-013
        395, 5.51632588943520563E-013
        396, 5.70750477662923238E-013
        397, 5.95401778382847085E-013
        398, 5.67430012782249680E-013
        399, 5.57150336910118943E-013
        400, 5.70206005419207811E-013
        401, 5.54815441436418486E-013
        402, 5.40559295658163569E-013
        403, 5.59406294729068641E-013
        404, 6.69188892814440013E-013
        405, 5.26770605142938740E-013
        406, 5.23173234481470555E-013
        407, 5.69832335350216398E-013
        408, 5.60550997516335020E-013
        409, 5.43263369209823034E-013
        410, 5.95669153156652423E-013
        411, 5.01750276360606403E-013
        412, 4.99845999791336268E-013
        413, 4.68359942580168001E-013
        414, 5.39814406711845388E-013
        415, 5.79741867103268163E-013
        416, 5.14494112156401889E-013
        417, 6.69780414509207102E-013
        418, 5.65584120285973983E-013
        419, 6.01208406936505391E-013
        420, 5.77012871779102912E-013
        421, 5.41579175003893998E-013
        422, 5.28528189910838933E-013
        423, 5.63831270947515417E-013
        424, 5.90327583581634524E-013
        425, 5.35579244021134491E-013
        426, 5.16175356978771942E-013
        427, 5.12307859647989940E-013
        428, 5.46613097788920477E-013
        429, 5.08062054523774565E-013
        430, 5.03056028550742559E-013
        431, 5.98378490015387738E-013
        432, 6.42419368538322080E-013
        433, 5.53615696964998056E-013
        434, 5.66100154529271334E-013
        435, 5.49380934938013498E-013
        436, 5.84110917092002136E-013
        437, 5.67572205725758267E-013
        438, 5.72279161985077324E-013
        439, 5.80863293625134091E-013
        440, 5.00662975637148297E-013
        441, 5.76610493397207455E-013
        442, 6.37270662906956855E-013
        443, 5.20269305361344345E-013
        444, 5.32429840965991872E-013
        445, 5.34220617455827336E-013
        446, 5.22122356256856701E-013
        447, 5.68322529553201232E-013
        448, 5.53418494155334775E-013
        449, 6.20220833455441765E-013
        450, 5.64099200505004096E-013
        451, 5.89734733728224388E-013
        452, 5.70657198114117882E-013
        453, 5.69677225507313611E-013
        454, 5.68527803452555996E-013
        455, 5.67272656705777814E-013
        456, 5.47687508893984314E-013
        457, 6.07914311252705792E-013
        458, 5.40599919800784427E-013
        459, 6.13971046194676618E-013
        460, 6.14281431499601651E-013
        461, 5.40794131182257546E-013
        462, 5.84020710993735383E-013
        463, 5.23684116678308183E-013
        464, 5.56408903004589303E-013
        465, 5.87539609065521274E-013
        466, 5.76265134396913466E-013
        467, 5.36093875337077418E-013
        468, 5.82379729623928649E-013
        469, 5.55997970864618364E-013
        470, 5.60662674702283223E-013
        471, 5.58718587140216681E-013
        472, 6.28375205826796096E-013
        473, 5.97393830519316622E-013
        474, 5.73248799374742556E-013
        475, 5.66036129326038750E-013
        476, 5.18917734993047785E-013
        477, 5.50575534662124276E-013
        478, 5.33305103533139797E-013
        479, 5.96198377192360117E-013
        480, 5.68207503934099195E-013
        481, 5.98100450847771678E-013
        482, 5.87654507272138562E-013
        483, 5.74498155484270235E-013
        484, 5.71322790218091993E-013
        485, 6.15249785869125885E-013
        486, 5.85315187918483943E-013
        487, 5.81085000564966623E-013
        488, 5.58790469415067402E-013
        489, 5.74722712460667571E-013
        490, 5.78732888846624743E-013
        491, 5.46353628047789741E-013
        492, 5.96530290699136113E-013
        493, 5.36299928462414874E-013
        494, 5.37837155689060304E-013
        495, 5.57043920743209985E-013
        496, 5.76778828174880871E-013
        497, 6.30920986157100413E-013
        498, 5.75886443033486752E-013
        499, 6.45456236877217319E-013
        500, 5.54462039123710818E-013
        501, 5.77014059025390481E-013
        502, 5.47382254337137186E-013
        503, 5.71246488103743000E-013
        504, 5.88654155374903292E-013
        505, 5.91559596360276388E-013
        506, 6.07918651693253988E-013
        507, 6.03667591478012149E-013
        508, 5.23480671187753559E-013
        509, 5.61305907173940567E-013
        510, 5.97905570809160002E-013
        511, 5.55801029105870510E-013
        512, 5.64810278369618322E-013
        513, 5.66256954956073753E-013
        514, 5.95715543062716776E-013
        515, 5.64709258631055447E-013
        516, 5.27961234429717018E-013
        517, 5.25826537889755259E-013
        518, 6.05141762576082635E-013
        519, 6.01798007176501437E-013
        520, 5.94587543389014412E-013
        521, 5.34197890103899620E-013
        522, 5.54360577556799725E-013
        523, 5.37993862840068390E-013
        524, 5.79989340360644465E-013
        525, 5.41944885922298996E-013
        526, 5.47295358978547587E-013
        527, 5.72580574106615049E-013
        528, 5.39635304473014729E-013
        529, 6.05219220461125155E-013
        530, 6.10214473152794156E-013
        531, 5.62773912926158636E-013
        532, 5.75958320145104262E-013
        533, 5.69879673501580703E-013
        534, 5.47532441451541331E-013
        535, 5.49443651185178380E-013
        536, 6.05823438519672471E-013
        537, 5.85363278909003659E-013
        538, 5.26839353352134118E-013
        539, 5.49348123758788839E-013
        540, 5.50665837265326816E-013
        541, 5.83230208365425305E-013
        542, 5.62468515513504471E-013
        543, 5.50104610713181315E-013
        544, 5.54405944456577779E-013
        545, 6.68498822139956245E-013
        546, 6.26713463572471109E-013
        547, 6.21900311829559495E-013
        548, 5.60976090742087319E-013
        549, 6.36795972035704138E-013
        550, 5.41117453191685040E-013
        551, 5.73360353429533928E-013
        552, 5.93340153179826425E-013
        553, 5.54138355059957467E-013
        554, 5.35765975801818870E-013
        555, 5.68710807753525939E-013
        556, 6.16984295943593337E-013
        557, 5.63047508543269273E-013
        558, 5.67369975165176841E-013
        559, 5.59938807603065082E-013
        560, 5.22215564453737633E-013
        561, 6.02733964836424412E-013
        562, 5.33092913221241888E-013
        563, 5.61807677845332960E-013
        564, 5.95314592107345462E-013
        565, 6.10416858230517512E-013
        566, 5.96769214108965792E-013
        567, 5.21735364906547197E-013
        568, 6.35260727085101873E-013
        569, 5.97869580364790645E-013
        570, 5.64384598142292087E-013
        571, 5.77101859608786765E-013
        572, 6.06630283649025494E-013
        573, 6.25937481939538866E-013
        574, 5.73868607019849242E-013
        575, 6.24713591607594767E-013
        576, 5.40262543860164884E-013
        577, 6.04252923343026317E-013
        578, 5.55725592601386490E-013
        579, 5.91132841985251716E-013
        580, 6.47894931111198950E-013
        581, 5.98235607310064339E-013
        582, 5.77227662706043823E-013
        583, 5.96067914458444218E-013
        584, 5.93835240521216299E-013
        585, 6.28954142344177600E-013
        586, 6.58050814392128166E-013
        587, 6.28898884525941012E-013
        588, 5.69209728600425591E-013
        589, 6.34349208838698446E-013
        590, 5.85628555278016003E-013
        591, 5.45220721682234591E-013
        592, 6.05843472131914863E-013
        593, 6.23795991578617810E-013
        594, 5.81386229175723501E-013
        595, 5.80646428503124849E-013
        596, 5.25451519230571454E-013
        597, 5.30158799138046044E-013
        598, 5.83996258562817688E-013
        599, 5.26453768120986899E-013
        600, 6.23448365690931606E-013
        601, 5.70552141542795715E-013
        602, 5.89924554430335917E-013
        603, 5.55259420686646774E-013
        604, 5.92218801066579414E-013
        605, 6.28182574727039816E-013
        606, 6.23209517386697351E-013
        607, 6.12213810115152722E-013
        608, 6.02619714595997161E-013
        609, 6.04999342591764048E-013
        610, 6.08697177405839773E-013
        611, 6.30000397542320657E-013
        612, 6.19329377705216130E-013
        613, 6.25870518864472057E-013
        614, 6.38522546021842004E-013
        615, 5.68558030637802162E-013
        616, 6.43241966213743597E-013
        617, 5.56276102934040328E-013
        618, 5.56508234630246621E-013
        619, 6.03863688703969078E-013
        620, 5.94855482473823984E-013
        621, 5.90939266741051615E-013
        622, 6.50482607630318430E-013
        623, 5.77889428014634646E-013
        624, 6.57265578237591739E-013
        625, 6.20609220432213111E-013
        626, 6.39949895727754366E-013
        627, 5.67074093783927599E-013
        628, 6.19250314579288602E-013
        629, 6.21429080774477457E-013
        630, 6.49777090034468794E-013
        631, 6.68149030652595643E-013
        632, 6.05118531683496269E-013
        633, 6.28175456151929072E-013
        634, 6.26191490383289820E-013
        635, 6.82888928212655516E-013
        636, 6.12060477811750976E-013
        637, 6.77732719481334629E-013
        638, 6.30406638333292191E-013
        639, 6.39237276155663457E-013
        640, 6.93415757269343455E-013
        641, 6.18937971207665403E-013
        642, 6.77927380757851389E-013
        643, 6.97839870760367167E-013
        644, 5.82802591082926139E-013
        645, 6.79027765919725915E-013
        646, 6.72037906243076336E-013
        647, 6.32486515768892240E-013
        648, 6.58804388431465337E-013
        649, 6.58368033494872181E-013
        650, 6.18586790944772816E-013
        651, 6.92536718163066605E-013
        652, 6.25697816461667038E-013
        653, 6.22154544981662266E-013
        654, 6.57829820082582950E-013
        655, 6.49927993989759180E-013
        656, 6.14000796657829208E-013
        657, 6.31169055440839127E-013
        658, 6.31037234222522324E-013
        659, 7.00296621220714800E-013
        660, 6.68888648404960225E-013
        661, 6.43614730330431962E-013
        662, 6.33767833536812288E-013
        663, 6.99384600277252750E-013
        664, 6.25057130384882094E-013
        665, 7.00436204956115466E-013
        666, 6.39756662819245454E-013
        667, 6.35957308709855618E-013
        668, 6.82907116683739704E-013
        669, 6.25274787852061940E-013
        670, 6.58952845002564665E-013
        671, 6.82706349684520099E-013
        672, 6.43635710038055558E-013
        673, 6.68439583519889712E-013
        674, 6.51978722147359298E-013
        675, 7.18976228840874006E-013
        676, 6.64756439448751746E-013
        677, 7.01283076112837900E-013
        678, 7.51205651863089428E-013
        679, 6.61235232589642015E-013
        680, 6.20507793696612304E-013
        681, 6.56664655316190751E-013
        682, 6.70462010869165968E-013
        683, 6.57306123080141806E-013
        684, 6.99438395206981288E-013
        685, 6.40515863168327620E-013
        686, 6.23862095397491977E-013
        687, 6.47585873888150826E-013
        688, 6.48768315195008766E-013
        689, 6.34021184216496196E-013
        690, 6.15725255290128925E-013
        691, 6.61166178131746605E-013
        692, 6.63447836806015690E-013
        693, 6.23134019845373821E-013
        694, 6.27228497816062728E-013
        695, 5.99553824068320376E-013
        696, 6.84811705801396147E-013
        697, 6.78134696311959952E-013
        698, 5.83822302819479899E-013
        699, 6.38356160569515571E-013
        700, 6.78540435857039574E-013
        701, 6.75888598187270705E-013
        702, 6.57958758459864649E-013
        703, 6.13454657479361378E-013
        704, 6.47493526303069388E-013
        705, 6.11740263861290111E-013
        706, 6.55969569757036693E-013
        707, 6.68460141637463962E-013
        708, 6.59945574303505544E-013
        709, 6.67533006986663509E-013
        710, 7.42733417694763068E-013
        711, 6.50315437173226188E-013
        712, 6.97293797931238376E-013
        713, 6.73198024500909864E-013
        714, 7.16092831442153743E-013
        715, 6.84856329029510360E-013
        716, 6.58085201331592595E-013
        717, 7.35836495522473891E-013
        718, 7.03480751847964479E-013
        719, 6.21459317566976294E-013
        720, 6.02338233660984831E-013
        721, 7.15030005908384340E-013
        722, 6.38834138218197124E-013
        723, 6.43745124899526809E-013
        724, 6.88354803622506766E-013
        725, 6.55299002188801057E-013
        726, 6.57719902823885449E-013
        727, 6.86354132316325132E-013
        728, 6.66427850932500727E-013
        729, 7.01511186248621424E-013
        730, 7.52161619731013713E-013
        731, 6.47547665244071986E-013
        732, 7.19766409138082042E-013
        733, 7.07735166407872941E-013
        734, 6.36529321745885939E-013
        735, 6.32470126858468649E-013
        736, 6.99857605909063495E-013
        737, 7.30051282669648763E-013
        738, 7.41863866907675050E-013
        739, 6.67506560260465628E-013
        740, 6.77175598637343465E-013
        741, 7.34152363167368558E-013
        742, 6.87718177892387846E-013
        743, 6.32873720068682946E-013
        744, 6.64015453126780006E-013
        745, 6.62556962690088184E-013
        746, 7.00108666456216824E-013
        747, 6.26607542306424417E-013
        748, 7.20452396165725638E-013
        749, 6.99818701307894119E-013
        750, 6.57979369079743584E-013
        751, 7.02679383367578871E-013
        752, 7.12611648424864415E-013
        753, 7.08717994645422999E-013
        754, 6.89655831547521910E-013
        755, 7.49138817840092543E-013
        756, 6.19398228498604679E-013
        757, 7.31413596326104642E-013
        758, 6.91750040526724116E-013
        759, 7.68746750219859571E-013
        760, 7.18295181252218831E-013
        761, 6.74875597803989189E-013
        762, 7.09718407041572282E-013
        763, 6.86849992325776075E-013
        764, 6.56799060005427899E-013
        765, 6.85353739239853592E-013
        766, 7.89526245291862462E-013
        767, 7.16022273314032855E-013
        768, 7.59068309610759550E-013
        769, 7.20291604550003459E-013
        770, 7.29418317682875592E-013
        771, 7.08607738455377909E-013
        772, 7.77514245151379982E-013
        773, 7.80347841792417475E-013
        774, 7.48680132114407750E-013
        775, 6.72687912005571712E-013
        776, 7.45611010622507279E-013
        777, 7.32622762909168284E-013
        778, 7.73815468301541626E-013
        779, 7.69899628377617514E-013
        780, 7.30999537629263784E-013
        781, 7.34105408870530155E-013
        782, 7.68846663914507920E-013
        783, 8.13861981800678489E-013
        784, 7.49861528819243410E-013
        785, 6.78195738549582884E-013
        786, 6.75564305927007037E-013
        787, 7.96971643813727062E-013
        788, 7.65307915733578165E-013
        789, 6.98279855813736289E-013
        790, 7.63943909930084749E-013
        791, 7.14356736282015355E-013
        792, 6.87964737063503533E-013
        793, 7.34668700296838181E-013
        794, 7.44876477785894460E-013
        795, 7.89045546638702014E-013
        796, 7.73585230889470636E-013
        797, 8.50352622332961201E-013
        798, 7.29045316482417164E-013
        799, 7.76790505872327886E-013
        800, 7.97007843686043167E-013
        801, 7.55965675126360912E-013
        802, 6.74513929651470304E-013
        803, 7.59091593437546519E-013
        804, 7.10573373694359320E-013
        805, 8.19233298356577128E-013
        806, 7.66071928397729979E-013
        807, 7.37137497701586477E-013
        808, 7.20392549987723033E-013
        809, 7.28073970591253370E-013
        810, 6.83336649182608815E-013
        811, 8.09213550968970771E-013
        812, 7.98730325438779184E-013
        813, 8.06785852123975111E-013
        814, 7.79364163730674007E-013
        815, 8.05314358485306789E-013
        816, 7.85763494085965660E-013
        817, 7.98134274425957352E-013
        818, 7.60165790517796478E-013
        819, 7.74304239619766910E-013
        820, 8.01648149022304893E-013
        821, 8.04724154712171180E-013
        822, 8.15571193022507485E-013
        823, 7.47607284807035797E-013
        824, 8.14372364573108731E-013
        825, 8.42630595681706094E-013
        826, 7.90365361480759442E-013
        827, 8.24194038257749194E-013
        828, 7.73193312928915013E-013
        829, 9.15473016544990196E-013
        830, 8.41502841107776435E-013
        831, 8.02705457138180459E-013
        832, 8.38966423191422264E-013
        833, 8.68096767900977618E-013
        834, 8.56686836382344040E-013
        835, 8.75528913988544010E-013
        836, 8.88163534341317679E-013
        837, 8.30623453108615344E-013
        838, 9.01042855400767227E-013
        839, 8.99671157215769215E-013
        840, 8.72557302383565895E-013
        841, 8.24885170178153147E-013
        842, 7.96479476967287483E-013
        843, 8.34965013012659396E-013
        844, 8.58647493077185758E-013
        845, 8.60596023104507060E-013
        846, 7.92816306499991749E-013
        847, 9.19618646903667786E-013
        848, 8.47185977912933134E-013
        849, 9.05637762140243467E-013
        850, 9.05114203879540150E-013
        851, 8.49103130544537295E-013
        852, 8.63334918712702384E-013
        853, 8.06603740431644669E-013
        854, 8.08447861508287420E-013
        855, 8.50881025290633110E-013
        856, 9.02910796882019113E-013
        857, 9.42503973631505150E-013
        858, 9.53969276168968581E-013
        859, 8.47630655436413815E-013
        860, 8.57256409013850109E-013
        861, 8.26552880615817017E-013
        862, 9.19954571196697203E-013
        863, 8.27881312344041167E-013
        864, 8.15672430669115835E-013
        865, 7.88697097537422130E-013
        866, 8.66089323407828795E-013
        867, 8.60342383183761378E-013
        868, 8.79950072537960464E-013
        869, 1.08375408098649979E-012
        870, 8.45485002543303115E-013
        871, 8.94240709842596597E-013
        872, 8.72052460882848284E-013
        873, 8.53853517841002777E-013
        874, 8.79585165201908554E-013
        875, 9.02563859260600931E-013
        876, 9.70608199640072240E-013
        877, 9.06959996719885665E-013
        878, 1.01159039620365636E-012
        879, 9.65623045042951373E-013
        880, 1.04535743163630388E-012
        881, 9.60163094663536359E-013
        882, 1.03599364895355513E-012
        883, 9.61407716541828971E-013
        884, 9.33911485087192566E-013
        885, 1.01110421871656968E-012
        886, 9.71174616492051818E-013
        887, 9.51747343771376581E-013
        888, 8.81954702926608709E-013
        889, 1.03181255852446061E-012
        890, 9.21776560898868505E-013
        891, 9.61605596719424979E-013
        892, 9.81160584639495308E-013
        893, 1.02385324093776603E-012
        894, 9.12980074081769194E-013
        895, 9.61785618447928200E-013
        896, 1.04317853288860437E-012
        897, 1.05331108030009444E-012
        898, 1.02351439836104548E-012
        899, 9.80520360198291139E-013
        900, 1.06136815230903842E-012
        901, 1.03561336424204357E-012
        902, 9.69607520188487812E-013
        903, 9.95444238686808562E-013
        904, 1.15492529290126313E-012
        905, 1.02015824177119572E-012
        906, 1.06107951110224276E-012
        907, 1.06171472026046272E-012
        908, 1.06712177282003357E-012
        909, 1.04025456375262119E-012
        910, 9.81542679302509078E-013
        911, 1.08160737972050203E-012
        912, 1.01436237327575664E-012
        913, 1.03258496594212276E-012
        914, 1.01624282329689766E-012
        915, 1.08268678244647401E-012
        916, 9.87644051440693097E-013
        917, 1.12757206412317432E-012
        918, 9.83669189836916218E-013
        919, 1.08670082355629021E-012
        920, 1.08761630864219407E-012
        921, 1.08890209370419460E-012
        922, 9.79013762836887719E-013
        923, 1.01394307066643568E-012
        924, 1.15977740876660376E-012
        925, 1.12274732625475414E-012
        926, 1.08787043975721084E-012
        927, 1.02087755602706755E-012
        928, 1.06054861018719772E-012
        929, 1.03699870984968180E-012
        930, 1.12206973435546314E-012
        931, 1.23370444865239033E-012
        932, 1.06631484412775305E-012
        933, 1.06282915794940737E-012
        934, 1.13769245087194224E-012
        935, 1.15859648292794912E-012
        936, 1.15316260789714116E-012
        937, 1.17074826269416029E-012
        938, 1.28720283246735119E-012
        939, 1.15771280076101537E-012
        940, 1.07455875882955538E-012
        941, 1.23548077845005678E-012
        942, 1.24876055724097908E-012
        943, 1.09592191436267375E-012
        944, 1.27729561656288571E-012
        945, 1.17863935218779088E-012
        946, 1.15087502335664294E-012
        947, 1.15492342592068539E-012
        948, 1.15504858135254192E-012
        949, 1.19633469629238293E-012
        950, 1.19250595751096235E-012
        951, 1.20625586112950247E-012
        952, 1.16283852302117261E-012
        953, 1.28369614902532867E-012
        954, 1.16561157398981902E-012
        955, 1.18584234954910343E-012
        956, 1.26535918528305671E-012
        957, 1.36062881545521174E-012
        958, 1.41743962106276433E-012
        959, 1.28480454190932698E-012
        960, 1.43199257966465657E-012
        961, 1.49848200779982228E-012
        962, 1.34546585893150664E-012
        963, 1.30832349871066880E-012
        964, 1.19508491647104270E-012
        965, 1.28452458775232612E-012
        966, 1.33669494274750260E-012
        967, 1.35267828870852771E-012
        968, 1.34534117367443527E-012
        969, 1.45546995854148036E-012
        970, 1.57361796286976644E-012
        971, 1.35506052521239496E-012
        972, 1.48534893884974320E-012
        973, 1.28609463487932428E-012
        974, 1.40712518834904247E-012
        975, 1.42711971964178403E-012
        976, 1.38399867873270724E-012
        977, 1.39987715460014087E-012
        978, 1.48394407191060841E-012
        979, 1.56941497795759793E-012
        980, 1.50879613145444607E-012
        981, 1.59338226310984751E-012
        982, 1.31261148306335181E-012
        983, 1.23532837075079422E-012
        984, 1.60383417665795048E-012
        985, 1.39364514826283292E-012
        986, 1.36052920934134076E-012
        987, 1.43615423444919909E-012
        988, 1.29604897282303746E-012
        989, 1.57713201212451444E-012
        990, 1.52343922418874077E-012
        991, 1.53197600468732579E-012
        992, 1.56134457839306610E-012
        993, 1.43554856957363708E-012
        994, 1.64933467841448896E-012
        995, 1.61471996954584205E-012
        996, 1.53150904345847726E-012
        997, 1.78735082142209339E-012
        998, 1.65082007987649211E-012
        999, 1.59730223295479940E-012
       1000, 1.47688228282902859E-012
       1001, 1.51398177478956432E-012
       1002, 1.73306963480452555E-012
       1003, 1.36411382969296368E-012
       1004, 1.67275772961610679E-012
       1005, 1.70067285273600902E-012
       1006, 1.59531660865362648E-012
       1007, 1.67844954866442252E-012
       1008, 1.44321665791605734E-012
       1009, 1.38348707923742446E-012
       1010, 1.82239406472716622E-012
       1011, 1.77066216565094914E-012
       1012, 1.80000406545724736E-012
       1013, 1.42935178021633441E-012
       1014, 1.55010578496986063E-012
       1015, 1.48952445506826490E-012
       1016, 2.07911146402549801E-012
       1017, 1.79581535516299467E-012
       1018, 1.69695942270299875E-012
       1019, 1.92365273245161550E-012
       1020, 2.11261181981944423E-012
       1021, 1.99780422218154952E-012
       1022, 2.43066087690053769E-012
       1023, 1.92876992864507762E-012
       1024, 2.61964130431607887E-012
       1025, 4.26802486695258056E-013
       1026, 3.96620253505310145E-013
       1027, 4.24932412736880281E-013
       1028, 4.07489867360436221E-013
       1029, 4.51399073163183095E-013
       1030, 4.07612976945326921E-013
       1031, 4.60063319423435745E-013
       1032, 4.24896299916717717E-013
       1033, 4.14976448612298182E-013
       1034, 4.29152721204683811E-013
       1035, 4.19675224085226095E-013
       1036, 4.09823888487470067E-013
       1037, 3.89293831734417031E-013
       1038, 4.07880686854569323E-013
       1039, 3.83029927974786892E-013
       1040, 4.36983625208599910E-013
       1041, 3.97714377935735009E-013
       1042, 4.00134419780041466E-013
       1043, 4.13755391280335517E-013
       1044, 3.86698374507783389E-013
       1045, 3.91485006597077216E-013
       1046, 4.38777581498794756E-013
       1047, 4.06808562211557908E-013
       1048, 4.01552050644433083E-013
       1049, 4.40517064254247874E-013
       1050, 4.59650323365242462E-013
       1051, 3.88269131922130568E-013
       1052, 3.90857418047452632E-013
       1053, 4.28714249328463414E-013
       1054, 4.26684699288051082E-013
       1055, 4.58575970164529583E-013
       1056, 3.82799114379304761E-013
       1057, 4.57309124125521758E-013
       1058, 4.57771667825303185E-013
       1059, 4.44810114900392475E-013
       1060, 4.22059037412121572E-013
       1061, 3.89981587897438654E-013
       1062, 4.21807042844342350E-013
       1063, 3.91144789156134407E-013
       1064, 3.77347178516860699E-013
       1065, 3.70859209824690495E-013
       1066, 3.97507436550754989E-013
       1067, 3.97460935117364195E-013
       1068, 4.15643035781895603E-013
       1069, 4.11289765551839624E-013
       1070, 4.41050922771439521E-013
       1071, 4.18720071122058593E-013
       1072, 3.90832744745620899E-013
       1073, 4.46516377412960696E-013
       1074, 4.32997029402441994E-013
       1075, 4.45135112363634869E-013
       1076, 4.04468893377349035E-013
       1077, 4.28204053491145309E-013
       1078, 4.61594446384859134E-013
       1079, 4.24470154943178878E-013
       1080, 4.11434716378337568E-013
       1081, 3.98903017711729067E-013
       1082, 4.51810575827738797E-013
       1083, 4.25538634068801347E-013
       1084, 3.97523461329382556E-013
       1085, 4.93219946546513838E-013
       1086, 4.51486080705616947E-013
       1087, 4.81451044495722538E-013
       1088, 4.56245490541410149E-013
       1089, 4.58510596144138545E-013
       1090, 3.90682603424149076E-013
       1091, 3.94949307791086809E-013
       1092, 4.28399909517640512E-013
       1093, 4.42727034991485964E-013
       1094, 4.18248661715149179E-013
       1095, 4.22373591530544161E-013
       1096, 3.92460680843039877E-013
       1097, 4.31850361469605112E-013
       1098, 4.52021244800392592E-013
       1099, 4.21943613630396311E-013
       1100, 4.13034239267319524E-013
       1101, 4.84301169846781851E-013
       1102, 4.03458160170963861E-013
       1103, 4.16210650492670845E-013
       1104, 4.19331245314964632E-013
       1105, 4.16964437926364511E-013
       1106, 3.81949136110148163E-013
       1107, 4.01880292729405000E-013
       1108, 3.97338462186805582E-013
       1109, 4.40404753878946289E-013
       1110, 4.12655258478151908E-013
       1111, 3.91366005160165556E-013
       1112, 4.04584621262510996E-013
       1113, 4.10673645870294776E-013
       1114, 4.16357503891216005E-013
       1115, 4.34310738343479732E-013
       1116, 4.41588394749398335E-013
       1117, 4.62034274419926817E-013
       1118, 4.35102822477510802E-013
       1119, 4.13676019241735634E-013
       1120, 4.20634055937445600E-013
       1121, 4.26955997655484179E-013
       1122, 4.27523789810622408E-013
       1123, 3.96691413905022772E-013
       1124, 4.35362296247429760E-013
       1125, 3.83096691899471977E-013
       1126, 4.27765676192834562E-013
       1127, 4.31555234631107524E-013
       1128, 3.97429573148803727E-013
       1129, 4.26362127022217973E-013
       1130, 4.20613817575151039E-013
       1131, 4.63393101259994164E-013
       1132, 4.14243944979357669E-013
       1133, 4.28880652512018736E-013
       1134, 4.30986930591681423E-013
       1135, 3.88855838452355841E-013
       1136, 4.10684794548760429E-013
       1137, 4.68529982702084983E-013
       1138, 4.30182101239240596E-013
       1139, 4.04674129129383704E-013
       1140, 4.12843153139391336E-013
       1141, 4.64095703215908942E-013
       1142, 4.56399289152742050E-013
       1143, 4.63717950729459497E-013
       1144, 4.51850940766819042E-013
       1145, 4.77901330609572651E-013
       1146, 4.17403215409257076E-013
       1147, 4.66650134803226933E-013
       1148, 4.30617321193783854E-013
       1149, 4.87246287258797028E-013
       1150, 4.39152565469889164E-013
       1151, 4.22021263947850541E-013
       1152, 4.26106851305498698E-013
       1153, 4.22322438388823396E-013
       1154, 4.11016125617476932E-013
       1155, 4.30369778120901393E-013
       1156, 4.16907636201471778E-013
       1157, 4.69481713235014410E-013
       1158, 4.10240310213380927E-013
       1159, 4.82079427326432218E-013
       1160, 4.55165336075158678E-013
       1161, 4.35339507513183412E-013
       1162, 4.52870788452102321E-013
       1163, 4.66947186563987316E-013
       1164, 4.48740310091334110E-013
       1165, 4.06540680229082966E-013
       1166, 4.64406860071566089E-013
       1167, 4.57910065402730806E-013
       1168, 3.79547049944166770E-013
       1169, 4.36361314503379514E-013
       1170, 4.21985397323474185E-013
       1171, 4.56036231721299572E-013
       1172, 4.51076715576922555E-013
       1173, 4.13707707556746852E-013
       1174, 4.35011901876724698E-013
       1175, 4.75050886541166391E-013
       1176, 5.04700412793531277E-013
       1177, 4.16156304835573916E-013
       1178, 4.43204480236685455E-013
       1179, 4.36519796317977894E-013
       1180, 5.02907547480879529E-013
       1181, 4.14719293505434258E-013
       1182, 4.43446047985097924E-013
       1183, 4.82817760545955316E-013
       1184, 4.36520065132152805E-013
       1185, 4.58315979139563184E-013
       1186, 4.56529225209403752E-013
       1187, 4.84775976151692270E-013
       1188, 4.15018756994461260E-013
       1189, 4.54480071806099388E-013
       1190, 4.71492050420513617E-013
       1191, 4.71324798373326202E-013
       1192, 4.52242044182042248E-013
       1193, 4.14693946295167877E-013
       1194, 4.80123019605800540E-013
       1195, 4.70928689462046002E-013
       1196, 4.11650099256582456E-013
       1197, 4.35445070916525932E-013
       1198, 4.14350531642915486E-013
       1199, 4.80426225893241512E-013
       1200, 4.49787666050722063E-013
       1201, 4.62996151626041038E-013
       1202, 4.51694675501642874E-013
       1203, 4.45830212612680438E-013
       1204, 4.49945018880742569E-013
       1205, 5.24215626081949576E-013
       1206, 4.42117287140880565E-013
       1207, 4.58565111692820093E-013
       1208, 4.62836025581607534E-013
       1209, 4.78619289209028581E-013
       1210, 4.43837881536766760E-013
       1211, 4.44098547760032885E-013
       1212, 5.02983539377654114E-013
       1213, 4.70025486896799831E-013
       1214, 5.45470646793428265E-013
       1215, 4.36380447688724044E-013
       1216, 4.44940613638012833E-013
       1217, 4.15581190707460540E-013
       1218, 4.99581963174476629E-013
       1219, 4.80004564459261173E-013
       1220, 4.62613222099539376E-013
       1221, 4.53481437377885517E-013
       1222, 4.92472600219773677E-013
       1223, 4.80061878598330124E-013
       1224, 4.68093159746848971E-013
       1225, 4.88923978104928425E-013
       1226, 4.73350181533590978E-013
       1227, 4.75908338636930155E-013
       1228, 4.62092446161368609E-013
       1229, 5.47887366390810410E-013
       1230, 4.68133542173675240E-013
       1231, 5.34192950214408158E-013
       1232, 4.61042252410460758E-013
       1233, 4.75534713208143131E-013
       1234, 4.39286593127102496E-013
       1235, 4.64571175880795366E-013
       1236, 5.42707358530910862E-013
       1237, 5.05625183819101695E-013
       1238, 4.74916737008203457E-013
       1239, 4.36553916169496870E-013
       1240, 4.28002151615591095E-013
       1241, 4.33694672346472516E-013
       1242, 4.85978851276998196E-013
       1243, 4.94472698762141334E-013
       1244, 4.52997904807894048E-013
       1245, 4.67781936932762874E-013
       1246, 4.49937592334305195E-013
       1247, 4.95843334040175465E-013
       1248, 4.59407139383118995E-013
       1249, 4.93742022836843971E-013
       1250, 4.70081697113715744E-013
       1251, 4.82073579985395467E-013
       1252, 4.89853084120237602E-013
       1253, 4.61507494862839931E-013
       1254, 4.64692495612095678E-013
       1255, 5.44679049520872507E-013
       1256, 4.00462215489782383E-013
       1257, 4.20945652145747607E-013
       1258, 4.56027073593102249E-013
       1259, 4.36305038522627527E-013
       1260, 5.40746236857422171E-013
       1261, 4.74799250140880438E-013
       1262, 4.39006509517531609E-013
       1263, 4.57593752605075603E-013
       1264, 4.60564155043012204E-013
       1265, 4.94508687052379905E-013
       1266, 5.10515993413966600E-013
       1267, 4.56742753862981931E-013
       1268, 5.17942076591728647E-013
       1269, 4.63844936068538296E-013
       1270, 4.67475504939604520E-013
       1271, 4.93136831433830335E-013
       1272, 4.58919583208222962E-013
       1273, 4.73491897069872644E-013
       1274, 4.98256519973504785E-013
       1275, 4.88345921186437776E-013
       1276, 4.96035158650452799E-013
       1277, 4.96420185497533795E-013
       1278, 4.88549853261937256E-013
       1279, 4.45683771170179647E-013
       1280, 4.69574900803988141E-013
       1281, 4.73168207077611840E-013
       1282, 4.94674598529342019E-013
       1283, 4.83508744276351330E-013
       1284, 4.80096356088987921E-013
       1285, 4.79708040424567698E-013
       1286, 5.35285199835014616E-013
       1287, 5.01020451595815757E-013
       1288, 5.07827548159049636E-013
       1289, 5.04187179641614733E-013
       1290, 5.45207384468516404E-013
       1291, 4.52961149673299027E-013
       1292, 5.00740275402328051E-013
       1293, 5.03399207991345953E-013
       1294, 4.38072856359479407E-013
       1295, 4.79339951667043510E-013
       1296, 5.01941817930561099E-013
       1297, 5.00306827233076452E-013
       1298, 4.76018586472400268E-013
       1299, 5.06010903205609617E-013
       1300, 5.63593332772001956E-013
       1301, 5.02606427260538880E-013
       1302, 4.38660036763269035E-013
       1303, 4.33758827439398328E-013
       1304, 4.78488279635513213E-013
       1305, 4.78121835031226084E-013
       1306, 4.24212283497925284E-013
       1307, 5.04843044735394594E-013
       1308, 4.67096856456941567E-013
       1309, 4.51072634971286980E-013
       1310, 4.89770844084651835E-013
       1311, 4.76771980746274502E-013
       1312, 4.89449116329481005E-013
       1313, 5.01816397123017683E-013
       1314, 4.73934386281552143E-013
       1315, 5.13605481395389096E-013
       1316, 4.91671159634231181E-013
       1317, 5.07581687025281136E-013
       1318, 5.14816752837383147E-013
       1319, 4.84676898012123064E-013
       1320, 4.68397888591606986E-013
       1321, 5.16338128519615568E-013
       1322, 5.06864118931074378E-013
       1323, 5.20520754569060468E-013
       1324, 4.55125787115276593E-013
       1325, 4.85114654223265531E-013
       1326, 4.77026987643429115E-013
       1327, 5.00992189631624970E-013
       1328, 4.74460665899515174E-013
       1329, 4.95309925551451077E-013
       1330, 4.70477536475074373E-013
       1331, 5.30114757810184379E-013
       1332, 5.14851321655977708E-013
       1333, 4.54592735300799735E-013
       1334, 5.31057760924963075E-013
       1335, 4.52045763180097767E-013
       1336, 4.93105910185480054E-013
       1337, 5.50826565194406975E-013
       1338, 4.87309286260193953E-013
       1339, 5.13001502363285396E-013
       1340, 4.99463725625084298E-013
       1341, 4.80521494104284233E-013
       1342, 5.74643936982682249E-013
       1343, 5.28032406108234853E-013
       1344, 5.16470672673179414E-013
       1345, 4.88450951864951137E-013
       1346, 4.78388279642951508E-013
       1347, 4.91190297737859663E-013
       1348, 4.64988209803359698E-013
       1349, 4.49527071556795806E-013
       1350, 5.14235420315552520E-013
       1351, 5.27686952599725775E-013
       1352, 4.65247048514903410E-013
       1353, 5.14033152738904144E-013
       1354, 5.43104097663626565E-013
       1355, 5.26897312474966245E-013
       1356, 4.53472943577660795E-013
       1357, 4.54368837709879558E-013
       1358, 5.14383138961532186E-013
       1359, 4.37265824197212508E-013
       1360, 5.24372989773043678E-013
       1361, 4.68443713342675904E-013
       1362, 5.06569114327770294E-013
       1363, 4.74568711043428474E-013
       1364, 5.00544328899856067E-013
       1365, 5.40940502244674652E-013
       1366, 4.71905673957982026E-013
       1367, 5.43274172188362968E-013
       1368, 4.80913526608374479E-013
       1369, 5.23378788080044798E-013
       1370, 5.33341216887342867E-013
       1371, 5.12229035849135490E-013
       1372, 4.77975916818021548E-013
       1373, 5.38722685022867591E-013
       1374, 5.54477933044665671E-013
       1375, 5.13132971586041492E-013
       1376, 5.20654797804574960E-013
       1377, 5.01639865407336383E-013
       1378, 5.57655002082513535E-013
       1379, 4.88200735262773612E-013
       1380, 5.62062811602265625E-013
       1381, 4.77678160954475215E-013
       1382, 4.78810643546147361E-013
       1383, 5.01641513942057865E-013
       1384, 4.51523056648935140E-013
       1385, 5.58712687303265699E-013
       1386, 5.47458646151868347E-013
       1387, 5.19683953689775156E-013
       1388, 5.31705843304886547E-013
       1389, 4.87136107382239972E-013
       1390, 5.44325115330816498E-013
       1391, 5.10865382710828611E-013
       1392, 5.24729384501140979E-013
       1393, 5.10259363928830133E-013
       1394, 5.40838124663022021E-013
       1395, 5.26359390876782835E-013
       1396, 5.30006075535469328E-013
       1397, 5.35784131009447989E-013
       1398, 5.74236391291456573E-013
       1399, 5.05646827122243999E-013
       1400, 5.25225904660277744E-013
       1401, 5.00873708222988112E-013
       1402, 5.13124285644363265E-013
       1403, 5.29848263696601287E-013
       1404, 5.13369118788609967E-013
       1405, 4.45307910695739859E-013
       1406, 5.26843375286039030E-013
       1407, 5.28979671936622983E-013
       1408, 6.55423828317455441E-013
       1409, 4.97047813505126264E-013
       1410, 5.83376921494708484E-013
       1411, 5.43568928261967723E-013
       1412, 4.97909001680211805E-013
       1413, 5.35407196881402607E-013
       1414, 5.47532338457365055E-013
       1415, 5.79061677284037235E-013
       1416, 5.54894099681955229E-013
       1417, 5.87349811819405353E-013
       1418, 5.24409190914055924E-013
       1419, 5.48049096434597971E-013
       1420, 5.06058286932550957E-013
       1421, 5.04273999873516812E-013
       1422, 5.56445193646234240E-013
       1423, 5.35079154780414279E-013
       1424, 5.41874972289229003E-013
       1425, 5.63914832415329795E-013
       1426, 5.47742310647304016E-013
       1427, 5.69270570632044690E-013
       1428, 5.25886301287926452E-013
       1429, 5.47262573157910887E-013
       1430, 5.49153778283602388E-013
       1431, 4.92100890198351410E-013
       1432, 4.85808106939701159E-013
       1433, 4.98154248874709515E-013
       1434, 5.43366079073846434E-013
       1435, 5.04451393778896526E-013
       1436, 5.50378196522232099E-013
       1437, 5.04767803359160799E-013
       1438, 5.11509982129878336E-013
       1439, 5.26010197114677309E-013
       1440, 4.92148988224678172E-013
       1441, 5.14016827250516765E-013
       1442, 5.41143144288303992E-013
       1443, 5.47351087195819786E-013
       1444, 5.36776621069987292E-013
       1445, 5.31574404079624127E-013
       1446, 5.61455135755046880E-013
       1447, 5.38703915105632514E-013
       1448, 5.19270631947500491E-013
       1449, 5.42720650937844298E-013
       1450, 5.10099978501702216E-013
       1451, 5.59558106804551705E-013
       1452, 5.11766482848402576E-013
       1453, 5.56948151013361992E-013
       1454, 5.76500303071770029E-013
       1455, 5.45107332142241681E-013
       1456, 6.14830273056264878E-013
       1457, 5.66515955734448658E-013
       1458, 5.42622496989463633E-013
       1459, 5.08853702513938917E-013
       1460, 5.40673075157282977E-013
       1461, 5.75948677200931242E-013
       1462, 5.22231382479141495E-013
       1463, 5.67985196571707181E-013
       1464, 5.55647277241264552E-013
       1465, 5.65042864342313907E-013
       1466, 4.96313623064800461E-013
       1467, 5.87814975241481042E-013
       1468, 5.30530844244291049E-013
       1469, 5.67528801591495620E-013
       1470, 5.74456259560501532E-013
       1471, 5.51663330821311324E-013
       1472, 5.76895959003791780E-013
       1473, 5.88381250636459923E-013
       1474, 5.51426385133846363E-013
       1475, 5.30862229549691575E-013
       1476, 5.01902755988880616E-013
       1477, 5.56547583335573956E-013
       1478, 5.16222852807914092E-013
       1479, 5.53969868682471423E-013
       1480, 5.66836330472182177E-013
       1481, 5.39293486964322814E-013
       1482, 5.26733061376021964E-013
       1483, 5.83131803810178875E-013
       1484, 5.95432543489797749E-013
       1485, 5.73795163705630256E-013
       1486, 6.02140550786328383E-013
       1487, 5.81565362111028781E-013
       1488, 5.46782906205626870E-013
       1489, 5.08180907960311915E-013
       1490, 5.53522813700770755E-013
       1491, 6.25000922702402139E-013
       1492, 5.40617840212215203E-013
       1493, 5.93585531701164060E-013
       1494, 5.74102399925746827E-013
       1495, 5.24484006475346428E-013
       1496, 6.24473172507146810E-013
       1497, 5.68770067224816223E-013
       1498, 5.85676824329748605E-013
       1499, 5.27409311216787686E-013
       1500, 5.23698879053800476E-013
       1501, 5.17585214936607090E-013
       1502, 5.16401092007757021E-013
       1503, 6.24248849448196753E-013
       1504, 6.30375297696805854E-013
       1505, 5.85757719462279769E-013
       1506, 5.97280033596055947E-013
       1507, 5.74982236553060072E-013
       1508, 5.42202685343757024E-013
       1509, 5.73972761806016879E-013
       1510, 5.76927676271681965E-013
       1511, 5.42570284801883602E-013
       1512, 6.08304953200132551E-013
       1513, 5.82563184636293869E-013
       1514, 5.50297566174078690E-013
       1515, 5.90503451259208434E-013
       1516, 5.57205964852088069E-013
       1517, 5.61984330278199571E-013
       1518, 5.93819517017894514E-013
       1519, 5.71833324404027273E-013
       1520, 5.95413630783578238E-013
       1521, 5.50014109907979616E-013
       1522, 5.72498848412204273E-013
       1523, 5.46080563343337143E-013
       1524, 6.12445166149882466E-013
       1525, 5.54239374810372895E-013
       1526, 5.40675440956548235E-013
       1527, 5.63683202414781038E-013
       1528, 6.59616607706015522E-013
       1529, 5.44843695926125834E-013
       1530, 5.56254529704734192E-013
       1531, 6.48046518467031792E-013
       1532, 5.92803945995730551E-013
       1533, 5.40525272978961907E-013
       1534, 5.91751462570417702E-013
       1535, 5.00874954146263515E-013
       1536, 6.27527154370261671E-013
       1537, 6.01876110292353429E-013
       1538, 5.47785172619691734E-013
       1539, 5.84473388260283460E-013
       1540, 5.98041664677934135E-013
       1541, 5.32359551409661579E-013
       1542, 6.08578781908016140E-013
       1543, 5.74648562178641703E-013
       1544, 6.24833100473133625E-013
       1545, 6.16191816268360079E-013
       1546, 6.14144412885592857E-013
       1547, 6.23337488141973148E-013
       1548, 5.25264220853530231E-013
       1549, 5.29765335079271394E-013
       1550, 6.03962886689979986E-013
       1551, 5.47164817813679527E-013
       1552, 5.61313041911227681E-013
       1553, 5.71362282739512273E-013
       1554, 5.95966024737292871E-013
       1555, 5.62840615057877626E-013
       1556, 5.50448480237643591E-013
       1557, 5.59443901429253308E-013
       1558, 5.58706690509567367E-013
       1559, 5.55468912885445095E-013
       1560, 5.30534985381640346E-013
       1561, 5.11111417533031467E-013
       1562, 6.27687998711032664E-013
       1563, 5.46681828538231539E-013
       1564, 5.56859574830731573E-013
       1565, 5.63611733574959080E-013
       1566, 5.68712626419924798E-013
       1567, 5.80855244186121579E-013
       1568, 5.76872487405010208E-013
       1569, 5.85233385666368337E-013
       1570, 6.12347589639967572E-013
       1571, 6.01546427539830760E-013
       1572, 6.23136626300213498E-013
       1573, 6.04092432383282366E-013
       1574, 6.05488345038703098E-013
       1575, 5.72617043217366113E-013
       1576, 5.47382281634736567E-013
       1577, 5.70735576211772765E-013
       1578, 6.55308744024591191E-013
       1579, 5.77292169443947682E-013
       1580, 6.13164539277483382E-013
       1581, 5.90111082190597470E-013
       1582, 5.33534974079431780E-013
       1583, 6.04630770613894656E-013
       1584, 6.37523702915499961E-013
       1585, 6.45738373383860440E-013
       1586, 5.95691536661441755E-013
       1587, 5.76058488351149470E-013
       1588, 6.21361036157951239E-013
       1589, 5.98383095268827489E-013
       1590, 5.99305690621147970E-013
       1591, 5.96877552623938957E-013
       1592, 5.71817569171499707E-013
       1593, 5.91862198808899623E-013
       1594, 5.81685596867319399E-013
       1595, 5.91286286980531863E-013
       1596, 5.64474065538595816E-013
       1597, 5.86193190741506525E-013
       1598, 5.25763494029948404E-013
       1599, 5.64636052231992541E-013
       1600, 5.79890723718815856E-013
       1601, 6.13638795408580037E-013
       1602, 6.03928598218352654E-013
       1603, 6.01479576258566343E-013
       1604, 6.21110150334901673E-013
       1605, 5.96434965374410776E-013
       1606, 5.88638664664873874E-013
       1607, 5.48039061765463333E-013
       1608, 5.77813034950874391E-013
       1609, 6.15097443752440155E-013
       1610, 6.07461448103925581E-013
       1611, 5.37911526073222869E-013
       1612, 5.99650425860162135E-013
       1613, 6.01356212806944298E-013
       1614, 6.22850133569153209E-013
       1615, 5.90408957642652375E-013
       1616, 5.61627930100831577E-013
       1617, 6.34562708700262376E-013
       1618, 5.66724672386423299E-013
       1619, 6.03826106703499890E-013
       1620, 6.24692502933847232E-013
       1621, 5.46924956474969993E-013
       1622, 6.42895870067853161E-013
       1623, 5.48766807820864721E-013
       1624, 5.84274345406329996E-013
       1625, 6.35844647385836435E-013
       1626, 5.29645005607106701E-013
       1627, 5.67372134784924393E-013
       1628, 5.91762164334315752E-013
       1629, 5.62268782821671123E-013
       1630, 5.86405892688242270E-013
       1631, 6.39110608772157432E-013
       1632, 6.00109408009061182E-013
       1633, 5.96424289822680194E-013
       1634, 6.62688371052733242E-013
       1635, 5.78311349390979750E-013
       1636, 6.75017576799058761E-013
       1637, 5.80118676145129169E-013
       1638, 5.65419288546940671E-013
       1639, 6.38253666653447153E-013
       1640, 6.53835223180432004E-013
       1641, 6.30226485556397912E-013
       1642, 6.14742215862636338E-013
       1643, 6.00582164934105663E-013
       1644, 6.16483821232327717E-013
       1645, 6.39775250290988559E-013
       1646, 5.92536056380131972E-013
       1647, 6.29334349299208780E-013
       1648, 7.24737475162330920E-013
       1649, 5.81483915549696677E-013
       1650, 6.04493387421289926E-013
       1651, 5.98376979053708443E-013
       1652, 6.37382059173160391E-013
       1653, 6.03007743433508078E-013
       1654, 6.85384231951217497E-013
       1655, 5.85752409019983997E-013
       1656, 6.42558148362782762E-013
       1657, 6.52612467497459826E-013
       1658, 6.40300824491388310E-013
       1659, 6.42046555964478807E-013
       1660, 6.58767099255620319E-013
       1661, 6.76013238805447229E-013
       1662, 5.98475651633316187E-013
       1663, 6.68791598328024771E-013
       1664, 6.52799265960997579E-013
       1665, 6.77323355314940783E-013
       1666, 5.87755529277466314E-013
       1667, 6.80045765577607352E-013
       1668, 6.77412681128617476E-013
       1669, 6.21454052690734480E-013
       1670, 6.70294626630654512E-013
       1671, 6.66919976735244722E-013
       1672, 6.19656022289987620E-013
       1673, 6.88620769597043739E-013
       1674, 6.07190705101181096E-013
       1675, 6.08166408883176169E-013
       1676, 6.50023220702521800E-013
       1677, 6.98943864738187015E-013
       1678, 6.31038465735845865E-013
       1679, 6.35515959382388577E-013
       1680, 6.20200478272158678E-013
       1681, 6.91427354535910419E-013
       1682, 6.93116325370788332E-013
       1683, 7.50427349672292235E-013
       1684, 5.63903274482084995E-013
       1685, 6.10264400749007584E-013
       1686, 6.74705036481715142E-013
       1687, 6.58182128089988758E-013
       1688, 6.42232421195168876E-013
       1689, 7.32256848307634764E-013
       1690, 6.25728513423117862E-013
       1691, 6.36334622659914246E-013
       1692, 6.59557150401015928E-013
       1693, 6.11692462483085004E-013
       1694, 6.88726871792397197E-013
       1695, 6.07338527356985898E-013
       1696, 6.55677609399070453E-013
       1697, 6.54530787509728247E-013
       1698, 5.93418691681533463E-013
       1699, 6.46072267008900819E-013
       1700, 6.19402210149378913E-013
       1701, 6.95528000287160639E-013
       1702, 6.22310734486963037E-013
       1703, 7.16799652638530797E-013
       1704, 6.74735279095187247E-013
       1705, 6.28176653886711510E-013
       1706, 6.17973411770647421E-013
       1707, 6.10073251419865520E-013
       1708, 7.12887071877788736E-013
       1709, 5.95859117225834139E-013
       1710, 6.86218317215320477E-013
       1711, 6.91371494215616216E-013
       1712, 6.79733834861269982E-013
       1713, 6.37888166965479274E-013
       1714, 7.21763988637694769E-013
       1715, 7.31023179172140848E-013
       1716, 7.40495304433145789E-013
       1717, 6.75056691452085961E-013
       1718, 7.35436222090891297E-013
       1719, 6.18946701879289846E-013
       1720, 6.78682754347321485E-013
       1721, 6.63747576175515323E-013
       1722, 6.85357425825355451E-013
       1723, 6.48119900063411706E-013
       1724, 7.39774863056469467E-013
       1725, 6.61796655177355515E-013
       1726, 5.67388026528668990E-013
       1727, 6.16596014811768609E-013
       1728, 6.70389082482844857E-013
       1729, 6.23103617469742324E-013
       1730, 7.05209846233132779E-013
       1731, 6.78243845473830203E-013
       1732, 6.42091259250984869E-013
       1733, 6.28958676809521022E-013
       1734, 6.65099695889361683E-013
       1735, 6.02645765833728548E-013
       1736, 6.55401193287832721E-013
       1737, 6.78457206922590857E-013
       1738, 6.78272030870843569E-013
       1739, 6.96946363069118734E-013
       1740, 6.52852870161550121E-013
       1741, 6.41481926467669842E-013
       1742, 6.54386619435272557E-013
       1743, 6.76062076934817090E-013
       1744, 6.39434169665465195E-013
       1745, 6.45246357147856106E-013
       1746, 6.32546902924549657E-013
       1747, 6.68542654539817428E-013
       1748, 6.13375305451850250E-013
       1749, 6.76950875004176150E-013
       1750, 7.28982259173217995E-013
       1751, 6.75974808220948594E-013
       1752, 6.21311548796380205E-013
       1753, 6.78123386382150603E-013
       1754, 6.62359660401614062E-013
       1755, 6.83109975766929300E-013
       1756, 6.97893458223304019E-013
       1757, 7.23607848727485474E-013
       1758, 7.83563169408484293E-013
       1759, 6.87553661663212932E-013
       1760, 7.03391840326941387E-013
       1761, 6.61896465039269103E-013
       1762, 7.39337286968782134E-013
       1763, 6.85381815212343394E-013
       1764, 7.29040008857085676E-013
       1765, 7.23724044141660712E-013
       1766, 6.64974555275331072E-013
       1767, 6.83319267575145079E-013
       1768, 6.57709948454089204E-013
       1769, 6.96422652969956638E-013
       1770, 7.18665641075972583E-013
       1771, 7.28933659737401132E-013
       1772, 6.75940286148627915E-013
       1773, 6.41863069625879364E-013
       1774, 6.98250403118698815E-013
       1775, 6.40411679971298585E-013
       1776, 7.65497093142805363E-013
       1777, 6.46029531424844047E-013
       1778, 6.76132377744185844E-013
       1779, 6.99033508153325430E-013
       1780, 7.03302911876333694E-013
       1781, 6.60723592819421296E-013
       1782, 6.85365904342799385E-013
       1783, 6.94787632300274068E-013
       1784, 6.30550048814836583E-013
       1785, 7.05963469134978698E-013
       1786, 7.29392262729675177E-013
       1787, 7.35725838919817915E-013
       1788, 6.95069522782508829E-013
       1789, 6.90674754107993633E-013
       1790, 7.34800040704740214E-013
       1791, 7.20656026576272031E-013
       1792, 7.56198813999225046E-013
       1793, 7.62816099765122454E-013
       1794, 7.34202940526093173E-013
       1795, 6.82614701996913300E-013
       1796, 6.61944101654458613E-013
       1797, 6.92917534017324993E-013
       1798, 7.54906522242621271E-013
       1799, 7.41590804044632720E-013
       1800, 7.77817005305464047E-013
       1801, 7.87584476647055056E-013
       1802, 7.77957105538671015E-013
       1803, 7.57850884223825021E-013
       1804, 7.19298264402215800E-013
       1805, 6.64702408935429500E-013
       1806, 6.62043680740277593E-013
       1807, 7.83779875345895536E-013
       1808, 7.44068029531825863E-013
       1809, 7.62201286557969378E-013
       1810, 8.26901676064302253E-013
       1811, 7.85373625704455148E-013
       1812, 7.43790335986341871E-013
       1813, 7.51220894057921936E-013
       1814, 7.37636109133751796E-013
       1815, 8.00988956510394181E-013
       1816, 7.37808226622633364E-013
       1817, 7.52678816269190230E-013
       1818, 7.32627168437553689E-013
       1819, 7.35245269933585816E-013
       1820, 7.56411788101683854E-013
       1821, 7.82585519116728625E-013
       1822, 7.57764848494869515E-013
       1823, 7.79287519104452533E-013
       1824, 7.66250430030646857E-013
       1825, 8.15312428212682634E-013
       1826, 7.34890934573884881E-013
       1827, 8.34083733747004470E-013
       1828, 7.53133299162114032E-013
       1829, 8.21219272794898141E-013
       1830, 8.34453285992256865E-013
       1831, 8.09536574608367889E-013
       1832, 7.53884905890733427E-013
       1833, 7.21560948998621280E-013
       1834, 7.51469029516938047E-013
       1835, 7.65643933504769651E-013
       1836, 7.94540808436597248E-013
       1837, 8.25007869937760493E-013
       1838, 7.77274631066374312E-013
       1839, 8.49171752145008581E-013
       1840, 7.62493824892670086E-013
       1841, 7.77325650188882224E-013
       1842, 8.98950410302058184E-013
       1843, 8.71305290870391992E-013
       1844, 9.14798900832562407E-013
       1845, 8.41852805272503643E-013
       1846, 8.72460668280164020E-013
       1847, 7.86117119456470040E-013
       1848, 7.28851407211534427E-013
       1849, 8.69794229269383566E-013
       1850, 7.52751626131338445E-013
       1851, 8.23047101111535716E-013
       1852, 8.07370104924720831E-013
       1853, 9.16243375462265595E-013
       1854, 7.98296333409830723E-013
       1855, 8.53841557325245954E-013
       1856, 8.37745419247682748E-013
       1857, 8.80197477166056527E-013
       1858, 8.99602626198760225E-013
       1859, 7.48464717720728038E-013
       1860, 7.87021452082184290E-013
       1861, 8.45756711851656041E-013
       1862, 8.67900615562883421E-013
       1863, 9.26451659992957640E-013
       1864, 8.68730025856592063E-013
       1865, 7.81310606830998936E-013
       1866, 8.61330142793742567E-013
       1867, 7.81477795415480763E-013
       1868, 8.69112077628599955E-013
       1869, 9.23600730775843191E-013
       1870, 8.28890087532099965E-013
       1871, 8.93657530767450012E-013
       1872, 7.93836075654050190E-013
       1873, 8.26904322739742015E-013
       1874, 7.76813074182869407E-013
       1875, 8.73622007334928268E-013
       1876, 8.18440109528060076E-013
       1877, 9.02008254245520559E-013
       1878, 9.29680593250995694E-013
       1879, 8.55013009524410235E-013
       1880, 8.44490506055874340E-013
       1881, 9.13273079645018960E-013
       1882, 8.01845746858323839E-013
       1883, 8.64249779734340518E-013
       1884, 8.98500151224820474E-013
       1885, 8.16098506697292436E-013
       1886, 9.76983400175550392E-013
       1887, 9.73067651264467209E-013
       1888, 1.01981517984825101E-012
       1889, 9.41769062391048034E-013
       1890, 8.23723222392779106E-013
       1891, 9.05721311528952618E-013
       1892, 7.99897325907017098E-013
       1893, 9.77684389834008479E-013
       1894, 8.80804543208800162E-013
       1895, 8.99533643938527092E-013
       1896, 8.36632255234985603E-013
       1897, 9.57881519274422635E-013
       1898, 8.25309757011776501E-013
       1899, 8.71473918523581584E-013
       1900, 9.54163592401989941E-013
       1901, 8.42641273157235022E-013
       1902, 8.62707974156148658E-013
       1903, 8.42307941775472922E-013
       1904, 9.88551207938948677E-013
       1905, 9.75002401603611350E-013
       1906, 9.89652755941710134E-013
       1907, 9.37867953371635583E-013
       1908, 9.71763440116549039E-013
       1909, 9.89711074676896957E-013
       1910, 9.20141633023237427E-013
       1911, 9.23057447054829133E-013
       1912, 9.23369253347550970E-013
       1913, 1.08216001808278040E-012
       1914, 9.19838205371413243E-013
       1915, 9.15228000421170828E-013
       1916, 8.58195762399298430E-013
       1917, 9.11587673954373657E-013
       1918, 9.14170023419708543E-013
       1919, 9.98570907583434104E-013
       1920, 9.11750828194286475E-013
       1921, 9.90284473335834438E-013
       1922, 1.00385536798933925E-012
       1923, 1.00152301102520591E-012
       1924, 9.10038014588780581E-013
       1925, 1.19633356697503727E-012
       1926, 9.71362132777140232E-013
       1927, 1.10922814311905471E-012
       1928, 1.02730763292992127E-012
       1929, 9.87388473300531001E-013
       1930, 9.48016204949331657E-013
       1931, 8.55480074875806029E-013
       1932, 9.75953086276474930E-013
       1933, 1.01091152294320435E-012
       1934, 9.45309545222149933E-013
       1935, 1.09484389052206865E-012
       1936, 1.03581127455109451E-012
       1937, 9.67634606101262809E-013
       1938, 9.67919579342001632E-013
       1939, 1.03631587129870281E-012
       1940, 1.04612061399248075E-012
       1941, 8.69024431823375610E-013
       1942, 1.00421527767505448E-012
       1943, 1.04478260145682783E-012
       1944, 1.09040242240077018E-012
       1945, 1.09774575144737908E-012
       1946, 1.02843493858308084E-012
       1947, 1.12138191359340484E-012
       1948, 1.04242663952088676E-012
       1949, 1.17975256987381772E-012
       1950, 1.11276942642259312E-012
       1951, 1.05988253773017247E-012
       1952, 1.12386435623995762E-012
       1953, 1.02591107546006452E-012
       1954, 1.05067277701301813E-012
       1955, 1.07822788524280600E-012
       1956, 1.10286960056982757E-012
       1957, 1.04938446010164946E-012
       1958, 1.06479790365611596E-012
       1959, 1.10845791216145262E-012
       1960, 1.05684167848348367E-012
       1961, 1.10895920095406630E-012
       1962, 1.10045022468623798E-012
       1963, 1.07600504718247697E-012
       1964, 1.25480346445628058E-012
       1965, 1.15442095342797761E-012
       1966, 1.02849875169946781E-012
       1967, 1.21164137555281339E-012
       1968, 1.04330925125259530E-012
       1969, 1.16700491407563506E-012
       1970, 1.16379724327596530E-012
       1971, 1.20451876719219868E-012
       1972, 1.01966546221767599E-012
       1973, 1.21469465330788134E-012
       1974, 1.06859115496241467E-012
       1975, 1.10761515466451440E-012
       1976, 1.19191834182702892E-012
       1977, 1.39743982095367887E-012
       1978, 1.36430691561698690E-012
       1979, 1.14447048730242899E-012
       1980, 1.31057922702761377E-012
       1981, 1.19156359704177886E-012
       1982, 1.25494849688674881E-012
       1983, 1.27477170313078007E-012
       1984, 1.19042285563971249E-012
       1985, 1.17628933292885842E-012
       1986, 1.15767376766570153E-012
       1987, 1.36252010670617193E-012
       1988, 1.25855077065372080E-012
       1989, 1.24925056273311557E-012
       1990, 1.10950582089484742E-012
       1991, 1.37672157573557149E-012
       1992, 1.27131283986807732E-012
       1993, 1.29935079236535617E-012
       1994, 1.24221412446566654E-012
       1995, 1.30257341268981525E-012
       1996, 1.35742391296859875E-012
       1997, 1.30919266900599031E-012
       1998, 1.27300190383609716E-012
       1999, 1.11107085864153053E-012
       2000, 1.30466450009443530E-012
       2001, 1.42983554646551818E-012
       2002, 1.48817537255117681E-012
       2003, 1.44215233759484365E-012
       2004, 1.38601954963539281E-012
       2005, 1.24343430679257449E-012
       2006, 1.30334148431076539E-012
       2007, 1.48376497151947720E-012
       2008, 1.40338835303549294E-012
       2009, 1.32571853352615213E-012
       2010, 1.35607767319881652E-012
       2011, 1.39659918942800015E-012
       2012, 1.47114814552087433E-012
       2013, 1.35308148400453726E-012
       2014, 1.36584395303595724E-012
       2015, 1.48320497474725596E-012
       2016, 1.41900610891744866E-012
       2017, 1.42985213983037542E-012
       2018, 1.45014224244557959E-012
       2019, 1.43336256668804283E-012
       2020, 1.30753347198235200E-012
       2021, 1.72316397527926612E-012
       2022, 1.76405869580169076E-012
       2023, 1.75394726534607630E-012
       2024, 1.86489962103000849E-012
       2025, 1.58550309696491866E-012
       2026, 1.69369175712470899E-012
       2027, 1.71112446881838926E-012
       2028, 1.56254314694342499E-012
       2029, 1.98261504064672011E-012
       2030, 1.85479204812974260E-012
       2031, 1.97327579877700766E-012
       2032, 1.80867474929826803E-012
       2033, 1.53630419518528703E-012
       2034, 1.95704401747965253E-012
       2035, 1.84758500197092154E-012
       2036, 1.70064857841032533E-012
       2037, 1.65191385355847544E-012
       2038, 1.72768008236460872E-012
       2039, 1.97705727339303940E-012
       2040, 1.97114753678545845E-012
       2041, 2.19054621605272824E-012
       2042, 2.17502282551847763E-012
       2043, 1.97558818696085700E-012
       2044, 2.52665751552401181E-012
       2045, 2.55153561513264138E-012
       2046, 2.98268557834867911E-012
       2047, 2.31888982508146833E-012
       2048, 3.60614039089691416E-012
      -2048, 3.60614039089691416E-012
          0, 1.21367132301212820E-013
