         0, 2147483647,  1020, 1.01161309170122939E+307
         1,          6,  1020, 3.17079770053983079E-001
         2,          6,  1020, 4.06646315887475851E-002
         3,          6,  1020, 2.39739681764573259E-005
         4,          2,  1020, 9.20488220787765591E-016
         5,          0,  1020, 0.00000000000000000E+000
"j", "||(G*V)j - (U*Σ)j||_F / Σj"
          1, 2.62680738002291874E-016
          2, 1.40744755862666783E-016
          3, 2.66439103935123971E-016
          4, 2.41270562359051186E-016
         -3, 2.66439103935123971E-016
          0, 7.38741521401155780E-016
