         0, 2147483647,  1020, 1.01161309170122939E+307
         1,          6,  1020, 1.01161309170122939E+307
         2,          6,  1020, 1.01161309170122939E+307
         3,          6,  1020, 1.01161309170122939E+307
         4,          2,  1020, 1.01161309170122939E+307
         5,          0,  1020, 1.01161309170122939E+307
"j", "||(G*V)j - (U*Σ)j||_F / Σj"
          1, 2.86360999560899214E-016
          2, 1.19588597251849571E-016
          3, 1.57503273940581865E-016
          4, 4.44169791553433982E-016
         -4, 4.44169791553433982E-016
