         0, 2147483647,  1020, 1.01161309170122939E+307
         1,          6,  1020, 3.17079770053983079E-001
         2,          6,  1020, 4.06646315887476476E-002
         3,          6,  1020, 2.39739681764569363E-005
         4,          2,  1020, 9.31389412845806291E-016
         5,          0,  1020, 0.00000000000000000E+000
"j", "||(G*V)j - (U*Σ)j||_F / Σj"
          1, 2.31181898843321698E-016
          2, 3.88274009065102762E-016
          3, 2.03031781201680413E-016
          4, 5.71983409333839955E-016
         -4, 5.71983409333839955E-016
          0, 6.74905902685516521E-016
