         0, 2147483647,  1012, 5.25437631102797436E+304
         1,     131312,  1012, 3.30454081467355332E-001
         2,     131272,  1012, 7.29692470210665411E-001
         3,     131250,  1012, 5.37070258840173231E-001
         4,     131125,  1012, 4.64401220158320444E-002
         5,     130923,  1012, 2.67597653453566231E-003
         6,     130837,  1012, 2.49236255147425469E-005
         7,     130805,  1012, 1.06936969125943734E-007
         8,     113050,  1012, 1.07969011975637077E-010
         9,      22195,  1012, 7.48335336311512552E-015
        10,       3710,  1012, 1.26282890692683699E-015
        11,        105,  1012, 0.00000000000000000E+000
        12,          1,  1012, 0.00000000000000000E+000
        13,          0,  1012, 0.00000000000000000E+000
"j", "||(G*V)j - (U*Σ)j||_F / Σj"
          1, 5.70546232304142052E-014
          2, 5.74212408603176810E-014
          3, 5.64912951808996907E-014
          4, 6.67862195895519452E-014
          5, 7.08192597329488636E-014
          6, 6.30275506481220960E-014
          7, 7.32492516676234407E-014
          8, 6.12921112501741743E-014
          9, 7.15301623713498545E-014
         10, 5.38393198535234332E-014
         11, 7.12491276691120331E-014
         12, 6.61748046302450249E-014
         13, 6.96254844008653941E-014
         14, 6.11882554507328006E-014
         15, 5.97202339416811594E-014
         16, 6.41946091911945001E-014
         17, 5.79538094078263180E-014
         18, 6.22373942785219182E-014
         19, 5.57206381613517416E-014
         20, 6.63428764939618512E-014
         21, 4.66193042875983967E-014
         22, 7.69097405220358291E-014
         23, 6.49451440265801638E-014
         24, 6.39003144977179843E-014
         25, 5.33851887795014701E-014
         26, 6.08414707130317167E-014
         27, 5.93715809052460446E-014
         28, 5.43263291900098579E-014
         29, 6.22575823799573015E-014
         30, 6.73471443401586096E-014
         31, 6.16938067856691074E-014
         32, 5.70504997747482458E-014
         33, 5.93651236416853014E-014
         34, 5.24799901208632625E-014
         35, 6.57901490625044738E-014
         36, 6.87615762969129527E-014
         37, 8.95373893878598844E-014
         38, 7.11560025018039483E-014
         39, 7.37569312636249923E-014
         40, 8.25958748609129053E-014
         41, 6.66621285833914284E-014
         42, 9.20544790610715582E-014
         43, 5.44761805395292535E-014
         44, 6.00262230529401170E-014
         45, 7.21611145845006376E-014
         46, 6.95087492551733575E-014
         47, 7.21562600631045526E-014
         48, 7.18201964280228571E-014
         49, 6.27626131029493824E-014
         50, 7.04249913120805010E-014
         51, 6.39198567263675664E-014
         52, 6.51949824097355503E-014
         53, 7.32372914888373632E-014
         54, 5.94605644856239653E-014
         55, 5.58474746184978955E-014
         56, 6.45171944292912253E-014
         57, 7.11977407699354556E-014
         58, 8.25813701701820291E-014
         59, 6.27536167711501226E-014
         60, 7.63361222907580342E-014
         61, 7.28086730501740654E-014
         62, 6.40489430394881019E-014
         63, 7.69382126709576075E-014
         64, 7.28092516736870081E-014
         65, 6.28370413494707924E-014
         66, 7.52683372132133322E-014
         67, 7.15207010659011507E-014
         68, 7.83185439809151430E-014
         69, 6.87056526819900989E-014
         70, 7.81803647968557504E-014
         71, 7.47463116287774613E-014
         72, 8.54597075844195412E-014
         73, 6.29421213651197115E-014
         74, 6.19360428573444623E-014
         75, 6.81639795226725596E-014
         76, 6.88328726184599658E-014
         77, 8.01521891298056056E-014
         78, 6.93789575601343667E-014
         79, 8.90201675160345575E-014
         80, 6.81027111976248842E-014
         81, 7.07511933392547643E-014
         82, 6.72433428709245561E-014
         83, 7.40595886297520787E-014
         84, 7.59474567097279687E-014
         85, 6.76157800393796674E-014
         86, 6.90110922452847936E-014
         87, 6.98665584974745290E-014
         88, 7.36214323034749548E-014
         89, 7.28641715117711314E-014
         90, 8.11897357827858017E-014
         91, 9.15281701065395942E-014
         92, 7.64826426618828218E-014
         93, 6.48250255292968451E-014
         94, 7.58752544384396237E-014
         95, 5.73323274506690639E-014
         96, 8.17514754631104105E-014
         97, 7.31966296550441841E-014
         98, 7.93890142553903140E-014
         99, 6.88730943653110462E-014
        100, 7.64560079951182976E-014
        101, 7.94770369744592109E-014
        102, 6.81102649309225137E-014
        103, 8.39931092854218843E-014
        104, 9.20594797918373344E-014
        105, 7.65494389660033067E-014
        106, 9.23359140163535959E-014
        107, 8.52307164652846302E-014
        108, 8.75353507166126970E-014
        109, 8.34126057686321254E-014
        110, 8.84221043361508258E-014
        111, 9.08374629724279263E-014
        112, 7.40310295017252155E-014
        113, 7.33750857221229510E-014
        114, 8.59690072715489654E-014
        115, 1.01163448121699761E-013
        116, 8.57979256926341365E-014
        117, 7.64734817434489212E-014
        118, 9.38066924959664017E-014
        119, 8.57925501300302541E-014
        120, 9.85181414286882139E-014
        121, 7.87102441766356692E-014
        122, 8.02135539349457813E-014
        123, 9.26181986440949927E-014
        124, 9.12275909593267021E-014
        125, 9.88988523764632227E-014
        126, 7.28897068347117051E-014
        127, 9.06942910125764057E-014
        128, 8.22202000835485148E-014
        129, 7.82157478948013867E-014
        130, 1.13138593669321208E-013
        131, 7.37874276507057099E-014
        132, 9.76836784316742551E-014
        133, 8.48372259339629159E-014
        134, 9.36935065715771105E-014
        135, 9.03333564482720839E-014
        136, 9.18058345474093834E-014
        137, 8.77775679910173373E-014
        138, 9.71090310464443246E-014
        139, 8.98576051996615696E-014
        140, 1.04177493650395932E-013
        141, 9.04723643519917763E-014
        142, 7.90521001765236718E-014
        143, 1.09344067007614108E-013
        144, 1.00374899340192568E-013
        145, 9.46816360949235466E-014
        146, 9.73999935905658497E-014
        147, 8.75918109860950497E-014
        148, 9.12839422243608266E-014
        149, 9.37343417434946785E-014
        150, 1.03258627968651274E-013
        151, 1.24849986343897546E-013
        152, 9.36107235199730404E-014
        153, 8.00698227433921242E-014
        154, 9.22674543646877571E-014
        155, 9.35705495849373396E-014
        156, 8.30621650961911206E-014
        157, 9.69857103754318685E-014
        158, 9.44623009562445910E-014
        159, 9.55001100150305794E-014
        160, 8.97911204272636532E-014
        161, 8.58188215394520649E-014
        162, 1.28585079359074584E-013
        163, 9.73272273785592411E-014
        164, 1.02793451371797579E-013
        165, 1.04077449956535167E-013
        166, 7.77623067552232983E-014
        167, 1.05114904647968322E-013
        168, 1.14375420898203494E-013
        169, 9.10407691435236900E-014
        170, 9.52444385052775038E-014
        171, 9.92446396625347452E-014
        172, 1.17902267477513040E-013
        173, 9.55842048472125885E-014
        174, 9.89998030855230725E-014
        175, 1.34889916604605499E-013
        176, 9.09907113146207294E-014
        177, 8.75256077352240396E-014
        178, 1.08769719300338122E-013
        179, 1.12335272319461577E-013
        180, 1.07541389563373811E-013
        181, 1.06296642193961141E-013
        182, 9.18698872228986872E-014
        183, 1.19619679710566385E-013
        184, 1.00325790163005662E-013
        185, 1.14472181773741075E-013
        186, 9.71562625211312994E-014
        187, 9.73407990323033931E-014
        188, 1.02922534286152165E-013
        189, 1.23230744833856737E-013
        190, 1.30969695980563856E-013
        191, 1.07827644854105560E-013
        192, 1.35578445975840059E-013
        193, 1.09913674847919049E-013
        194, 1.09901186971445291E-013
        195, 1.16392463081340131E-013
        196, 1.08210751512176990E-013
        197, 1.19377977187263408E-013
        198, 1.17095665393879757E-013
        199, 1.09004917030322546E-013
        200, 1.39041795454270379E-013
        201, 1.04742676781188622E-013
        202, 1.07672578363630950E-013
        203, 1.05512205242370783E-013
        204, 1.19571649025630875E-013
        205, 1.24941430879311271E-013
        206, 1.19115845417171645E-013
        207, 1.26638166159594885E-013
        208, 1.39855142838319026E-013
        209, 1.26140129587048578E-013
        210, 1.23972822662267799E-013
        211, 1.39598084494852544E-013
        212, 1.20802200514576349E-013
        213, 1.37968222822980713E-013
        214, 1.54350129878080432E-013
        215, 1.23469036469656708E-013
        216, 1.26188819166480355E-013
        217, 1.36095626311741182E-013
        218, 1.55700982462982839E-013
        219, 1.07906436705532217E-013
        220, 1.27946867252797422E-013
        221, 1.45653690648144371E-013
        222, 1.48363233870457323E-013
        223, 1.51130707001116510E-013
        224, 1.25613195448673153E-013
        225, 1.66919100587398169E-013
        226, 1.50724004500650030E-013
        227, 1.45416213402904075E-013
        228, 1.53871942519591928E-013
        229, 1.54324621776842843E-013
        230, 1.66123156105879311E-013
        231, 1.25123972685691321E-013
        232, 1.45326923403556503E-013
        233, 1.60702479447616138E-013
        234, 1.48975034404629614E-013
        235, 1.61435684567097071E-013
        236, 1.69820432230631930E-013
        237, 2.01207601355856446E-013
        238, 1.57023531576959636E-013
        239, 1.68628856106401471E-013
        240, 1.84303436307193109E-013
        241, 1.76495964219137481E-013
        242, 1.85924566724661085E-013
        243, 1.88560116094020038E-013
        244, 1.52485418543012890E-013
        245, 1.90607985085302254E-013
        246, 1.77100174817752757E-013
        247, 1.94280089754972788E-013
        248, 1.92612913384440544E-013
        249, 1.64237546080588051E-013
        250, 2.02833946923061129E-013
        251, 1.83314355819104477E-013
        252, 1.94700536586052741E-013
        253, 1.86267917540794406E-013
        254, 2.14763793201178593E-013
        255, 2.09579270043478827E-013
        256, 2.77847452919141702E-013
        257, 6.05431008708195116E-014
        258, 6.70768251179555442E-014
        259, 6.90904082807207739E-014
        260, 6.82250814016889185E-014
        261, 4.68099676096270795E-014
        262, 5.04360470080623250E-014
        263, 4.98993770481045795E-014
        264, 5.72738109386438064E-014
        265, 5.60783376395180711E-014
        266, 5.72800612118049799E-014
        267, 5.56061636522988326E-014
        268, 5.74719996400892548E-014
        269, 7.62461301966746668E-014
        270, 6.44798126589288649E-014
        271, 5.57183179546427838E-014
        272, 4.90986704600639828E-014
        273, 6.49426294241083328E-014
        274, 4.90736395728075107E-014
        275, 4.84763088753905162E-014
        276, 6.23710590032882835E-014
        277, 5.64030533672331200E-014
        278, 6.04838665271972414E-014
        279, 7.70967425445386549E-014
        280, 5.86046406135165841E-014
        281, 7.06283425492354499E-014
        282, 7.97915019154992529E-014
        283, 5.35283194832629998E-014
        284, 5.61333567501785915E-014
        285, 6.68232941076035302E-014
        286, 6.84243256540650343E-014
        287, 6.59678319853260206E-014
        288, 6.65355880849907621E-014
        289, 5.93343234696572469E-014
        290, 6.41794305836733111E-014
        291, 5.76098207550111877E-014
        292, 7.03126983282387994E-014
        293, 6.66239405258113063E-014
        294, 6.68619193495670433E-014
        295, 7.71706382337697781E-014
        296, 7.43471919841403182E-014
        297, 6.60060528338191281E-014
        298, 6.45920152113006494E-014
        299, 6.59971583116453225E-014
        300, 5.56534953236506874E-014
        301, 6.99160146823430919E-014
        302, 7.31690489372281351E-014
        303, 6.25838220604069826E-014
        304, 7.30486070289191802E-014
        305, 6.41000630225968204E-014
        306, 7.87841960780910655E-014
        307, 6.42114257228764651E-014
        308, 6.07369824409778932E-014
        309, 5.12171117653252381E-014
        310, 5.74641673653028583E-014
        311, 7.31832228942390378E-014
        312, 6.59545871368767577E-014
        313, 6.28341036948487494E-014
        314, 6.52462395573344720E-014
        315, 6.78140277811341745E-014
        316, 6.94426942256772264E-014
        317, 5.52183814226546636E-014
        318, 6.03350664033817299E-014
        319, 7.47328818870891388E-014
        320, 6.06683842864295595E-014
        321, 7.78653608435913455E-014
        322, 6.61228765313690945E-014
        323, 7.40159637124671963E-014
        324, 6.87395471814839060E-014
        325, 7.17941295199468409E-014
        326, 7.75729650187529471E-014
        327, 6.94506716962007566E-014
        328, 6.10683065940622321E-014
        329, 7.25470943170356470E-014
        330, 7.46531830272920541E-014
        331, 6.45303344694301919E-014
        332, 6.38975389615267038E-014
        333, 8.18151677278184740E-014
        334, 7.56348759850932501E-014
        335, 7.32498532668232002E-014
        336, 8.10567535129305202E-014
        337, 6.04022271952949084E-014
        338, 7.18300545489044360E-014
        339, 6.99475480673737771E-014
        340, 6.39712700859457293E-014
        341, 7.01906943220470150E-014
        342, 8.22353506518002383E-014
        343, 6.71603237475776302E-014
        344, 7.00498766349897476E-014
        345, 7.23342431879184745E-014
        346, 6.47971040157267340E-014
        347, 6.37094904532098838E-014
        348, 6.92675242961573626E-014
        349, 7.80774952477876822E-014
        350, 6.72222928769009823E-014
        351, 7.70820062735246099E-014
        352, 7.41552781672765045E-014
        353, 6.81952099553561463E-014
        354, 7.73877337305920258E-014
        355, 8.38049365929363071E-014
        356, 8.43124756296942566E-014
        357, 7.09498248845616702E-014
        358, 7.84100351257576343E-014
        359, 1.03427545428162386E-013
        360, 7.19279909255275465E-014
        361, 7.64383200542296434E-014
        362, 6.81810109189123633E-014
        363, 8.28319928423717449E-014
        364, 8.40200377112072341E-014
        365, 8.21298205665608301E-014
        366, 7.06100444431420644E-014
        367, 7.76852741307961929E-014
        368, 7.18240725057138891E-014
        369, 8.35681562499499544E-014
        370, 7.00488414350107599E-014
        371, 7.26191116317560246E-014
        372, 8.61884804787676783E-014
        373, 8.73838947793080727E-014
        374, 6.96209336204854113E-014
        375, 9.04768781239537805E-014
        376, 8.88085336383898351E-014
        377, 8.89039802015043655E-014
        378, 1.10835842251242557E-013
        379, 7.74722014153174052E-014
        380, 9.06705309409914554E-014
        381, 8.26836136579069977E-014
        382, 9.08486735749273480E-014
        383, 8.31024678898414354E-014
        384, 9.12354957237425781E-014
        385, 1.02074301213830356E-013
        386, 8.05709400937552718E-014
        387, 8.78835124827187669E-014
        388, 9.34765914867670993E-014
        389, 8.86586097577349299E-014
        390, 8.45230106624360655E-014
        391, 9.01413211485072844E-014
        392, 8.36317495499353086E-014
        393, 9.49973001005191486E-014
        394, 1.07741296608350443E-013
        395, 9.09226442290368997E-014
        396, 9.26341407834640283E-014
        397, 7.41782412686927521E-014
        398, 8.74464503914895453E-014
        399, 1.06275884489576833E-013
        400, 8.39922778409529540E-014
        401, 1.00945985989311432E-013
        402, 8.70432757206116490E-014
        403, 9.83848839884075035E-014
        404, 8.14603545614768360E-014
        405, 1.14128435049468268E-013
        406, 9.93800619603541638E-014
        407, 9.32357687152055877E-014
        408, 9.19595679797310164E-014
        409, 8.44506866012719265E-014
        410, 9.19505845868673127E-014
        411, 8.92555877881280556E-014
        412, 9.75511873921259619E-014
        413, 9.79092462328437626E-014
        414, 8.90050837192199104E-014
        415, 9.91589154411866078E-014
        416, 1.01199261635620838E-013
        417, 1.04265686954210039E-013
        418, 1.09075318166053351E-013
        419, 9.84241735842031217E-014
        420, 1.11189040491252413E-013
        421, 9.30039959134058499E-014
        422, 8.67742158174557222E-014
        423, 1.09552640938636399E-013
        424, 9.23657464494164662E-014
        425, 9.68776427887095778E-014
        426, 9.07064477303539080E-014
        427, 9.03606949963668101E-014
        428, 8.98686277498970843E-014
        429, 8.88657526442851922E-014
        430, 8.89866150974677455E-014
        431, 9.69872931066337113E-014
        432, 1.02173492477011452E-013
        433, 1.14523136555545881E-013
        434, 1.02956021912844218E-013
        435, 1.05752359303249658E-013
        436, 1.04007050231512479E-013
        437, 1.01427968364486570E-013
        438, 1.07077070865627983E-013
        439, 1.12045718065463276E-013
        440, 1.10585461325647022E-013
        441, 9.36317515462840765E-014
        442, 1.35930920978543046E-013
        443, 1.23707314271388272E-013
        444, 1.06553456758379932E-013
        445, 1.11970224715118856E-013
        446, 1.23306081240362484E-013
        447, 1.09360017020811000E-013
        448, 1.12614449711458769E-013
        449, 1.17758800808216305E-013
        450, 1.19401328273556050E-013
        451, 1.20135061180256237E-013
        452, 1.26469319576456704E-013
        453, 9.97147499646532525E-014
        454, 1.23102570001410564E-013
        455, 1.24080469166132716E-013
        456, 1.01475523809553312E-013
        457, 1.19093990256447398E-013
        458, 1.09700052598141771E-013
        459, 1.03590319626128988E-013
        460, 1.01651805408021767E-013
        461, 1.20435925451904773E-013
        462, 1.33933368336470901E-013
        463, 1.27952548849354239E-013
        464, 1.34257003764940917E-013
        465, 1.28206979796790824E-013
        466, 1.30171766359176031E-013
        467, 1.50125490122950249E-013
        468, 1.15301115194477014E-013
        469, 1.45904362334189196E-013
        470, 1.38407425975714049E-013
        471, 1.26736755577983171E-013
        472, 1.32350704525549370E-013
        473, 1.05415019839687076E-013
        474, 1.40626319909033971E-013
        475, 1.20273480676604566E-013
        476, 1.30199635216881528E-013
        477, 1.44984535092648825E-013
        478, 1.21045866887623563E-013
        479, 1.36605535388346240E-013
        480, 1.39700454797976459E-013
        481, 1.14030384851918232E-013
        482, 1.35003540202201558E-013
        483, 1.38627776818765557E-013
        484, 1.46834559187742090E-013
        485, 1.50871161620153324E-013
        486, 1.49664291616945250E-013
        487, 1.42721883344251470E-013
        488, 1.89253719415544202E-013
        489, 1.66193075945829967E-013
        490, 1.74150085877705221E-013
        491, 1.64274839411274018E-013
        492, 1.99881145383731774E-013
        493, 1.48730630146012816E-013
        494, 2.01399225914333170E-013
        495, 1.51885396296679649E-013
        496, 1.74138680451383472E-013
        497, 1.93871581024338868E-013
        498, 1.96945282598727896E-013
        499, 1.68232019696730915E-013
        500, 1.84585459111784079E-013
        501, 1.95223207856296506E-013
        502, 1.96021977587663558E-013
        503, 1.81428311346715069E-013
        504, 2.06839986467368300E-013
        505, 2.06466264102749165E-013
        506, 2.39492648316407439E-013
        507, 2.14410858740129220E-013
        508, 2.54089431075099723E-013
        509, 2.16448170134129392E-013
        510, 2.30930338992637216E-013
        511, 2.50476236118526091E-013
        512, 2.53961864517665044E-013
       -256, 2.77847452919141702E-013
          0, 2.25120508424831165E-014
