         0, 2147483647,  1012, 5.25437631102797436E+304
         1,     131312,  1012, 7.40541031306027495E+304
         2,     131272,  1012, 7.40541031306027495E+304
         3,     131250,  1012, 7.40541031306027495E+304
         4,     131125,  1012, 7.40541031306027495E+304
         5,     130923,  1012, 7.40541031306027495E+304
         6,     130837,  1012, 7.40541031306027495E+304
         7,     130805,  1012, 7.40541031306027495E+304
         8,     113053,  1012, 7.40541031306027495E+304
         9,      22194,  1012, 7.40541031306027495E+304
        10,       3716,  1012, 7.40541031306027495E+304
        11,        108,  1012, 7.40541031306027495E+304
        12,          0,  1012, 7.40541031306027495E+304
"j", "||(G*V)j - (U*Σ)j||_F / Σj"
          1, 5.82408638522666313E-014
          2, 5.65702536138429539E-014
          3, 5.08499578308813364E-014
          4, 6.18190139859264402E-014
          5, 6.71902872947753150E-014
          6, 5.90592600340769203E-014
          7, 6.62358806622385321E-014
          8, 5.63276243710283480E-014
          9, 7.02277028256333767E-014
         10, 5.69312908793091831E-014
         11, 5.66485541286613444E-014
         12, 7.94762630529477792E-014
         13, 6.12940439944930827E-014
         14, 6.93727930862924918E-014
         15, 6.15220388284927960E-014
         16, 6.89559112699907637E-014
         17, 5.95522993158505588E-014
         18, 5.90354511753871535E-014
         19, 7.65394789558469444E-014
         20, 5.32295256531857416E-014
         21, 5.85632289981756466E-014
         22, 5.46992065483511125E-014
         23, 5.89487294672742085E-014
         24, 6.26603384552011765E-014
         25, 4.19372118650694752E-014
         26, 6.50141189768638476E-014
         27, 6.04325138658938634E-014
         28, 5.84757382725614560E-014
         29, 6.01885373515861154E-014
         30, 6.79577245790069923E-014
         31, 6.84945829637310236E-014
         32, 5.07330890428538538E-014
         33, 7.08693572503572522E-014
         34, 7.34290073419346542E-014
         35, 8.90625949159924803E-014
         36, 5.93323422766846377E-014
         37, 8.22312025283236421E-014
         38, 6.37043154598165790E-014
         39, 6.51786349496829609E-014
         40, 6.86190245074011917E-014
         41, 7.83835537498806252E-014
         42, 7.15713085363807181E-014
         43, 5.93131327975538048E-014
         44, 6.49147551327104553E-014
         45, 6.02964145289084243E-014
         46, 5.55642725384628724E-014
         47, 5.92586257950225837E-014
         48, 7.26063712672062691E-014
         49, 5.99120184559186734E-014
         50, 6.86793314367633584E-014
         51, 6.23864145903719416E-014
         52, 7.52454879556661933E-014
         53, 6.55984535057713918E-014
         54, 8.97618759416547026E-014
         55, 7.61988331911391876E-014
         56, 7.62361990517448277E-014
         57, 6.20883173698677573E-014
         58, 6.98718662890440645E-014
         59, 6.14204953780888875E-014
         60, 7.59993664504280455E-014
         61, 6.59465658146686530E-014
         62, 6.27844635280507006E-014
         63, 8.64809461049088901E-014
         64, 6.52621056710344544E-014
         65, 6.32880621811928267E-014
         66, 6.75729387063480336E-014
         67, 7.57373111507531735E-014
         68, 6.67324882736998004E-014
         69, 6.05945260513082356E-014
         70, 7.46124838815754353E-014
         71, 7.04683100452605377E-014
         72, 8.42501039728771076E-014
         73, 6.12041642303847213E-014
         74, 8.37986507644947181E-014
         75, 7.71661032055033165E-014
         76, 8.15211457828303522E-014
         77, 7.28587847246016806E-014
         78, 7.86023614849302782E-014
         79, 7.49425237515468132E-014
         80, 6.55955114608428093E-014
         81, 7.66347086450110546E-014
         82, 8.02698192528978594E-014
         83, 8.87682997436061578E-014
         84, 7.46791221476122179E-014
         85, 7.10658889064439828E-014
         86, 7.88325482280030781E-014
         87, 7.07737412030493130E-014
         88, 7.75459866326948308E-014
         89, 7.78968126849675652E-014
         90, 7.55588333391265927E-014
         91, 8.09287610650116217E-014
         92, 6.79815467070523978E-014
         93, 6.88550274007739185E-014
         94, 7.41200396602819702E-014
         95, 6.01812484407349262E-014
         96, 1.00342584716162532E-013
         97, 7.70254121275041122E-014
         98, 7.73012997045589208E-014
         99, 8.48947537087854407E-014
        100, 7.13321377229821695E-014
        101, 8.13607703896059372E-014
        102, 7.07034184425840442E-014
        103, 8.45736382602459078E-014
        104, 8.47175599147677838E-014
        105, 7.94722716370142585E-014
        106, 1.03718322501844856E-013
        107, 7.42933282622450178E-014
        108, 9.17544222492865204E-014
        109, 8.71947353859701196E-014
        110, 7.49207773550715598E-014
        111, 9.66430830438170826E-014
        112, 7.86400842015055857E-014
        113, 7.56395891852395209E-014
        114, 8.25001047973912137E-014
        115, 7.53104077489694011E-014
        116, 8.57834667944637826E-014
        117, 7.95881037949984820E-014
        118, 9.63733480320195742E-014
        119, 8.80791826750730563E-014
        120, 1.00635056133852399E-013
        121, 8.83546505817617496E-014
        122, 8.38252508182603796E-014
        123, 8.02435328825051718E-014
        124, 1.02087434235699754E-013
        125, 8.65303045281385584E-014
        126, 7.32518333769749124E-014
        127, 9.53394690875279687E-014
        128, 9.24073065122969371E-014
        129, 8.41166141237040203E-014
        130, 1.03048357565130372E-013
        131, 8.68954801021402527E-014
        132, 9.00783897403647149E-014
        133, 1.00451512220761194E-013
        134, 9.01457120479934156E-014
        135, 1.01942386992300552E-013
        136, 8.18759770645849249E-014
        137, 9.12901438274620413E-014
        138, 8.68755451587762608E-014
        139, 1.04932945151442254E-013
        140, 8.95717420259172290E-014
        141, 9.28082017591792247E-014
        142, 8.06817179637954084E-014
        143, 1.07256938831917386E-013
        144, 9.38782535790361274E-014
        145, 9.41692876453365492E-014
        146, 9.65001395178688819E-014
        147, 9.73660671634641476E-014
        148, 9.25813592887010252E-014
        149, 8.00474278492985050E-014
        150, 9.19460453791841830E-014
        151, 9.69336495919746176E-014
        152, 9.97036552307079620E-014
        153, 9.20514866100059498E-014
        154, 1.06542305621154581E-013
        155, 1.14187630156615775E-013
        156, 8.73400582533965864E-014
        157, 1.02603843080962368E-013
        158, 9.81885341798210908E-014
        159, 1.14585050828125291E-013
        160, 9.95034542475168995E-014
        161, 9.38314663627713477E-014
        162, 1.39803007126834864E-013
        163, 8.98014526230623203E-014
        164, 1.01058325387148111E-013
        165, 9.89870073064753194E-014
        166, 1.00382938489665438E-013
        167, 9.61565479314481456E-014
        168, 1.25496697541469282E-013
        169, 1.20020214356936161E-013
        170, 8.16987979338886569E-014
        171, 1.02898660024391185E-013
        172, 1.00559199733566579E-013
        173, 8.68733382024192897E-014
        174, 9.77976131099092678E-014
        175, 1.18739636431331495E-013
        176, 9.72910152279956021E-014
        177, 9.59564314931304265E-014
        178, 1.29264370776806308E-013
        179, 1.19847201435060911E-013
        180, 9.55293063355759983E-014
        181, 1.08940175026669646E-013
        182, 1.12869914153636410E-013
        183, 1.26757498981718833E-013
        184, 9.99083999015489076E-014
        185, 1.55948848755691980E-013
        186, 1.05490432731713156E-013
        187, 1.19749216012397949E-013
        188, 1.00867445617328241E-013
        189, 1.06905942777446019E-013
        190, 1.39683809307584345E-013
        191, 1.18838815935196314E-013
        192, 1.18864633113138535E-013
        193, 1.14392097730722765E-013
        194, 1.03460859162103165E-013
        195, 1.13459902483395329E-013
        196, 9.16500917820665871E-014
        197, 9.74594735552538299E-014
        198, 1.13700793380592229E-013
        199, 1.35915040931085180E-013
        200, 1.33868009630112014E-013
        201, 1.25165446508490511E-013
        202, 1.27343961018340855E-013
        203, 1.27243642330129488E-013
        204, 1.12825218886345685E-013
        205, 1.16899814771652537E-013
        206, 1.28790673905604416E-013
        207, 1.20634304928495641E-013
        208, 1.21861091662137163E-013
        209, 1.17211769064582026E-013
        210, 1.27847265466711631E-013
        211, 1.45519163304649322E-013
        212, 1.27043158101472661E-013
        213, 1.47281503685964103E-013
        214, 1.58926985233354741E-013
        215, 1.25705809499104083E-013
        216, 1.39717791943461294E-013
        217, 1.49804782446867527E-013
        218, 1.18919063639449524E-013
        219, 1.23625308079720224E-013
        220, 1.40196901441910938E-013
        221, 1.55137685671663099E-013
        222, 1.47855897705690165E-013
        223, 1.83549079877546497E-013
        224, 1.49643161786866651E-013
        225, 1.45360235382680856E-013
        226, 1.41415966301253609E-013
        227, 1.37118295298738884E-013
        228, 1.56872138705481184E-013
        229, 1.63936515374018528E-013
        230, 1.56560838562964342E-013
        231, 1.55337618262266549E-013
        232, 1.35369728043047225E-013
        233, 1.53954590831816878E-013
        234, 1.89653961473704327E-013
        235, 1.78519659798637250E-013
        236, 1.78947887690752577E-013
        237, 1.75704441201325811E-013
        238, 2.02960085499604144E-013
        239, 1.83516841481959320E-013
        240, 1.90268030055813052E-013
        241, 1.88677444384314873E-013
        242, 2.02332621683873221E-013
        243, 1.89866332211499068E-013
        244, 1.76114242576743352E-013
        245, 2.20700904284458519E-013
        246, 1.85188038306402011E-013
        247, 1.96397180008319924E-013
        248, 1.78273992038500269E-013
        249, 1.96546713041376636E-013
        250, 1.80444009359493094E-013
        251, 2.33383093983876513E-013
        252, 2.02685297654973438E-013
        253, 2.34912398963660911E-013
        254, 2.26337836581450929E-013
        255, 2.05870061432286303E-013
        256, 2.82753561943390114E-013
        257, 4.95597226749475338E-014
        258, 5.77285737724307330E-014
        259, 7.13600420523475130E-014
        260, 5.70702259495067935E-014
        261, 6.18946113588046343E-014
        262, 5.34306792444819133E-014
        263, 6.03561945898774677E-014
        264, 7.10897305583616190E-014
        265, 7.13743316008081651E-014
        266, 6.65603281459674899E-014
        267, 5.52864058252921560E-014
        268, 6.15524330092423425E-014
        269, 6.16330068399925719E-014
        270, 6.36687395006473816E-014
        271, 4.77759239042465309E-014
        272, 5.25595158552629795E-014
        273, 6.11320943406192611E-014
        274, 5.57059795051568261E-014
        275, 6.26959175060949100E-014
        276, 6.39702986518160391E-014
        277, 6.19667676541196334E-014
        278, 6.98504228449880683E-014
        279, 8.17981199698454196E-014
        280, 5.52627875133509999E-014
        281, 6.34970800183301262E-014
        282, 7.46867576524633633E-014
        283, 6.03478368770432999E-014
        284, 6.94442721774639852E-014
        285, 7.32385550654771847E-014
        286, 5.90932066733755254E-014
        287, 6.72749992162082984E-014
        288, 7.83728831495182882E-014
        289, 6.66604390298510330E-014
        290, 8.05237301371148590E-014
        291, 6.16119134145357324E-014
        292, 6.13271684451823121E-014
        293, 8.00873323795492323E-014
        294, 5.90508693053505118E-014
        295, 7.20338664646211202E-014
        296, 6.64153357826307941E-014
        297, 6.46952356886297384E-014
        298, 6.03047423328316215E-014
        299, 8.00820448975167470E-014
        300, 5.99606329541468451E-014
        301, 8.38324740477531874E-014
        302, 7.75351416198382812E-014
        303, 7.17001011981617591E-014
        304, 5.67516304687745672E-014
        305, 6.58820375884041786E-014
        306, 8.81837116366995229E-014
        307, 7.98617192031487727E-014
        308, 6.74107631184662287E-014
        309, 6.12854940032991428E-014
        310, 6.13937647720154764E-014
        311, 6.47307333400839249E-014
        312, 7.48768108677950456E-014
        313, 6.99882187976563816E-014
        314, 6.88195496828305302E-014
        315, 7.10928286290834006E-014
        316, 7.14312309135998933E-014
        317, 5.45650590824204282E-014
        318, 7.27399752968101896E-014
        319, 7.67752229081050984E-014
        320, 7.69520118422998202E-014
        321, 8.31982444803957451E-014
        322, 7.49808063373762640E-014
        323, 6.00492613835743580E-014
        324, 8.02357696078807949E-014
        325, 7.41728851345402454E-014
        326, 6.39209166377554505E-014
        327, 7.83046393818313935E-014
        328, 5.96534775632906501E-014
        329, 8.76843320313002348E-014
        330, 6.13991459689720035E-014
        331, 6.63688667121410784E-014
        332, 6.52370106272812809E-014
        333, 8.40190605915153561E-014
        334, 7.72864574767355469E-014
        335, 7.19501145303957198E-014
        336, 7.12961365607448341E-014
        337, 7.32251056133736962E-014
        338, 7.24209557808937830E-014
        339, 8.17108760960274508E-014
        340, 7.24452632776572006E-014
        341, 6.53773645960241751E-014
        342, 8.76697418990886000E-014
        343, 7.55733776345908922E-014
        344, 6.93076542430096397E-014
        345, 7.64743297448263469E-014
        346, 7.17690513637664514E-014
        347, 7.16402787975754692E-014
        348, 9.24006458751437406E-014
        349, 7.08733524303359247E-014
        350, 6.44471554270777644E-014
        351, 7.63736297839928922E-014
        352, 6.84444093586676813E-014
        353, 7.10303853464305777E-014
        354, 7.21079713618248379E-014
        355, 8.87853370415058153E-014
        356, 9.76924304574342134E-014
        357, 7.66320825387511809E-014
        358, 7.55793334556315234E-014
        359, 8.48686834652716128E-014
        360, 8.06215972513805595E-014
        361, 6.50534370128212277E-014
        362, 7.47124218702692719E-014
        363, 7.90403416560157997E-014
        364, 8.23835222327678195E-014
        365, 7.73752757055863304E-014
        366, 8.65171258627661914E-014
        367, 8.83938886398315212E-014
        368, 8.43308938672609965E-014
        369, 7.17791798202286914E-014
        370, 7.07696016943701239E-014
        371, 7.77387792088889454E-014
        372, 8.68390153471144174E-014
        373, 9.30366795241092130E-014
        374, 9.12748499651910736E-014
        375, 8.17783967678017566E-014
        376, 9.11790951186058948E-014
        377, 1.16414257573665119E-013
        378, 9.26125950383791960E-014
        379, 7.09284042161321777E-014
        380, 1.00579438366977979E-013
        381, 8.37834743186483245E-014
        382, 8.30164888554304762E-014
        383, 8.40456565072970660E-014
        384, 7.03193551124357955E-014
        385, 1.06339280373093994E-013
        386, 8.37316767482380788E-014
        387, 8.34344077183392640E-014
        388, 9.48702691750533966E-014
        389, 1.00393119315233717E-013
        390, 9.67034519565268387E-014
        391, 8.58661381594109723E-014
        392, 9.07034909192671203E-014
        393, 9.76268903867019644E-014
        394, 9.42528377874365407E-014
        395, 9.02933156346243378E-014
        396, 7.66906881772773682E-014
        397, 8.62342167291673718E-014
        398, 1.03245021318987060E-013
        399, 1.33685679374739763E-013
        400, 7.67671453246246058E-014
        401, 9.83671773171142190E-014
        402, 9.39645643624234215E-014
        403, 9.67057228929779852E-014
        404, 8.42458821917558077E-014
        405, 1.10353060995650741E-013
        406, 1.08036309037236079E-013
        407, 8.87313540722705895E-014
        408, 9.79090976347785370E-014
        409, 1.03385035530554731E-013
        410, 9.62848073618234678E-014
        411, 9.71042702133809415E-014
        412, 8.18603474484552935E-014
        413, 1.04967796391227941E-013
        414, 1.03728979704543013E-013
        415, 7.77241233523418124E-014
        416, 1.10014443136742605E-013
        417, 9.66268738605565496E-014
        418, 1.07338239696145106E-013
        419, 1.22340914149162299E-013
        420, 1.05124021730667646E-013
        421, 1.08335703272180798E-013
        422, 9.20457781271979638E-014
        423, 1.16816854636788212E-013
        424, 1.16841669596095820E-013
        425, 9.16290124903823035E-014
        426, 1.00314559594088393E-013
        427, 9.85784086762459283E-014
        428, 1.03099722051918492E-013
        429, 9.94844682343331383E-014
        430, 1.03687604187520277E-013
        431, 9.99382076226222673E-014
        432, 1.04236412114461971E-013
        433, 1.02695615182354180E-013
        434, 9.48390545238319103E-014
        435, 1.19948699023234967E-013
        436, 1.05577849103203446E-013
        437, 1.11148240003529641E-013
        438, 1.08345548457213854E-013
        439, 1.33564595544749249E-013
        440, 1.10681911295339405E-013
        441, 1.00010027723107237E-013
        442, 1.06484173929682905E-013
        443, 1.23447212332497996E-013
        444, 1.11810782929401767E-013
        445, 1.19929844075668727E-013
        446, 1.15122301087189529E-013
        447, 1.36418028964794901E-013
        448, 1.32031295970285453E-013
        449, 1.04479978676333259E-013
        450, 1.11224175593584122E-013
        451, 1.19017887548662973E-013
        452, 1.14564464519479949E-013
        453, 1.22161922179214633E-013
        454, 1.30492984670220996E-013
        455, 1.38038545337863031E-013
        456, 1.22495831046933521E-013
        457, 1.09632877629922676E-013
        458, 1.12353746127171714E-013
        459, 1.07067316864646112E-013
        460, 1.40938423128559983E-013
        461, 1.22798112104234050E-013
        462, 1.42185024374304741E-013
        463, 1.25019946280231367E-013
        464, 1.44393522869245845E-013
        465, 1.28747539222482405E-013
        466, 1.27302065406499215E-013
        467, 1.45337898454820698E-013
        468, 1.32179790945606631E-013
        469, 1.58856103104491675E-013
        470, 1.16675441736327434E-013
        471, 1.34114322626354007E-013
        472, 1.31410021021249446E-013
        473, 1.24262576163963473E-013
        474, 1.24167715982793868E-013
        475, 1.14974552701184205E-013
        476, 1.29333962962682527E-013
        477, 1.26536380644855500E-013
        478, 1.26647048018088792E-013
        479, 1.70325420760834567E-013
        480, 1.33175526809272288E-013
        481, 1.44400515296733889E-013
        482, 1.51511931488229790E-013
        483, 1.47842818047898311E-013
        484, 1.60097693419580297E-013
        485, 1.57967872852714575E-013
        486, 1.45065188322971610E-013
        487, 1.55753842770719624E-013
        488, 1.93150551507263788E-013
        489, 1.76454526783155107E-013
        490, 1.64466388449397093E-013
        491, 1.86343217500824248E-013
        492, 1.83294371090624792E-013
        493, 1.40537919985555738E-013
        494, 1.78804542169216504E-013
        495, 1.74648437265837583E-013
        496, 2.10512976570935768E-013
        497, 1.94399976836472474E-013
        498, 1.99153540262790579E-013
        499, 2.04962920939873113E-013
        500, 2.39736726942004876E-013
        501, 2.21811991627613058E-013
        502, 1.77686610373152478E-013
        503, 2.08944996447573778E-013
        504, 2.23421634016856776E-013
        505, 2.41752099200337285E-013
        506, 2.55186207495814456E-013
        507, 2.25450289203051869E-013
        508, 2.35891871939545622E-013
        509, 2.21931100789081709E-013
        510, 2.41820665272678114E-013
        511, 2.61987464445587696E-013
        512, 2.83628081307271380E-013
       -512, 2.83628081307271380E-013
