         0, 2147483647,  1010, 1.17523912608155552E+304
         1,     523776,  1010, 2.21327176680976317E-001
         2,     523776,  1010, 4.83599043496763192E-001
         3,     523776,  1010, 8.00000000000000044E-001
         4,     523776,  1010, 1.73887890608556028E-001
         5,     523776,  1010, 7.83706934846291892E-002
         6,     523776,  1010, 2.91413865409135310E-002
         7,     523776,  1010, 1.36308093902318345E-003
         8,     523776,  1010, 9.69994168621857251E-006
         9,     499773,  1010, 7.42237312518462386E-009
        10,     129612,  1010, 6.97234933748988253E-014
        11,      28343,  1010, 1.21960108433097056E-015
        12,        324,  1010, 0.00000000000000000E+000
        13,          2,  1010, 0.00000000000000000E+000
        14,          0,  1010, 0.00000000000000000E+000
"j", "||(G*V)j - (U*Σ)j||_F / Σj"
          1, 3.35444463131850760E-013
          2, 3.22969243173661407E-013
          3, 2.73126258275307582E-013
          4, 2.83011868445208522E-013
          5, 3.52288186115402315E-013
          6, 3.06415234006968793E-013
          7, 3.48668176191643110E-013
          8, 3.15560198621978426E-013
          9, 2.97500870582037784E-013
         10, 3.17450374105487865E-013
         11, 3.29744011208074403E-013
         12, 3.41926489898752216E-013
         13, 3.33061444041510001E-013
         14, 2.87461724325647271E-013
         15, 3.13070045677191102E-013
         16, 3.08843279699586661E-013
         17, 3.27962634297200850E-013
         18, 3.19433563522342851E-013
         19, 3.59557323038651577E-013
         20, 3.04486866520388234E-013
         21, 3.38506904077782332E-013
         22, 3.07006318206666401E-013
         23, 3.05344899845425612E-013
         24, 3.41295342367937310E-013
         25, 3.46876358258291886E-013
         26, 3.01336108623189740E-013
         27, 3.06677537516720574E-013
         28, 3.10754684148897916E-013
         29, 3.48201904974462262E-013
         30, 3.51935323407285178E-013
         31, 3.27521470077475433E-013
         32, 3.11163195468893162E-013
         33, 3.23111777154189087E-013
         34, 3.30908385767934768E-013
         35, 2.90888261681254966E-013
         36, 3.29875908145848551E-013
         37, 3.03639803234991135E-013
         38, 3.26227380204088445E-013
         39, 3.30457195371099096E-013
         40, 3.43823224641175055E-013
         41, 3.28049044222776184E-013
         42, 3.27253277220531131E-013
         43, 3.42953954403025326E-013
         44, 3.37493575432214394E-013
         45, 3.30972766780796572E-013
         46, 3.25226246527404129E-013
         47, 3.16910861590880395E-013
         48, 3.26474509452284690E-013
         49, 3.35803712337326749E-013
         50, 3.03852746456955301E-013
         51, 3.20909003631370823E-013
         52, 3.13489046987596543E-013
         53, 3.02026613789866582E-013
         54, 3.30015718420200650E-013
         55, 3.38335549008084486E-013
         56, 3.43324386459996785E-013
         57, 3.39297531676126068E-013
         58, 3.14795266979477330E-013
         59, 3.13800765270499615E-013
         60, 3.47562717822656509E-013
         61, 3.46197637216436618E-013
         62, 3.19768033887689429E-013
         63, 3.50908089468039203E-013
         64, 3.40817079737570263E-013
         65, 3.38952025112069889E-013
         66, 3.70856643007710846E-013
         67, 3.40810267570658846E-013
         68, 3.53509318800278067E-013
         69, 3.30709614339489477E-013
         70, 3.42991760672939471E-013
         71, 3.23437363291901466E-013
         72, 3.44061575482754349E-013
         73, 3.30070183234854241E-013
         74, 3.68802788175331373E-013
         75, 3.10073515012119620E-013
         76, 3.48219723434746531E-013
         77, 3.49308005446443475E-013
         78, 3.40725946968852472E-013
         79, 3.36155840074781030E-013
         80, 3.23422018811867196E-013
         81, 3.65198899009502986E-013
         82, 3.67551940807951807E-013
         83, 3.22320512998753434E-013
         84, 3.39840257994649110E-013
         85, 3.47269605229104501E-013
         86, 3.53272734438817642E-013
         87, 3.47795943610440255E-013
         88, 3.21177882157387738E-013
         89, 3.72655049304776980E-013
         90, 3.34338525912176524E-013
         91, 3.21171380579429934E-013
         92, 3.48346481445392807E-013
         93, 3.21927950768115151E-013
         94, 3.33284297476633517E-013
         95, 3.82988376965964754E-013
         96, 3.34534856059795680E-013
         97, 3.51373160148656112E-013
         98, 3.77238805513876841E-013
         99, 3.51209207008195316E-013
        100, 3.40261522770369170E-013
        101, 3.42949947252519938E-013
        102, 3.67776118288677480E-013
        103, 3.46188989204480912E-013
        104, 3.41031901640188838E-013
        105, 3.41893710606305639E-013
        106, 3.36716393490239732E-013
        107, 3.41641716213807221E-013
        108, 3.58678843059131908E-013
        109, 3.68834916250621996E-013
        110, 3.36608084029962864E-013
        111, 3.65525226832527648E-013
        112, 3.70487494468401906E-013
        113, 3.27548434343267706E-013
        114, 3.50044839862824614E-013
        115, 3.69887606939391511E-013
        116, 3.47569336684489251E-013
        117, 3.57290970211841237E-013
        118, 3.61356908770558538E-013
        119, 3.77964102148039600E-013
        120, 3.74846798767533940E-013
        121, 3.43147746006098686E-013
        122, 3.34923475817242467E-013
        123, 3.45885290610126411E-013
        124, 3.50835164394367177E-013
        125, 3.97462239019893872E-013
        126, 3.27896554663087950E-013
        127, 3.35445035156788885E-013
        128, 3.57465792363980463E-013
        129, 3.43249315815292421E-013
        130, 4.07257486681278235E-013
        131, 3.53385734685321909E-013
        132, 3.76939727636560453E-013
        133, 3.63735946380401687E-013
        134, 3.72090436166598871E-013
        135, 3.59350184695396812E-013
        136, 3.83763072545118107E-013
        137, 3.46700098316266627E-013
        138, 3.44225501389673593E-013
        139, 3.61893942606427943E-013
        140, 3.57299485417155693E-013
        141, 3.36476938447022741E-013
        142, 3.71728674488344630E-013
        143, 3.69486610950710137E-013
        144, 3.89469561198431564E-013
        145, 3.63147725549054886E-013
        146, 4.17754079287919858E-013
        147, 3.65726335612434229E-013
        148, 3.54129263490387937E-013
        149, 3.79885815436034787E-013
        150, 3.75443483149091933E-013
        151, 3.76397935178036027E-013
        152, 3.29619479786030586E-013
        153, 3.52449618140221486E-013
        154, 3.99016250566788363E-013
        155, 3.70539561381293408E-013
        156, 4.02227600607642487E-013
        157, 3.80629060113734716E-013
        158, 4.13407340305598708E-013
        159, 4.26919371342587403E-013
        160, 3.96552177118011816E-013
        161, 3.40595080874717658E-013
        162, 3.80772731000380947E-013
        163, 3.90041668071963198E-013
        164, 3.65144597502230677E-013
        165, 3.50673197592428616E-013
        166, 3.56620106535466633E-013
        167, 3.54272060961553055E-013
        168, 4.02750352130972178E-013
        169, 3.65859142329101192E-013
        170, 3.59399391405906830E-013
        171, 3.88290700594593777E-013
        172, 4.50111667924354843E-013
        173, 4.05735527700490333E-013
        174, 3.94137332058467821E-013
        175, 4.11445166436129113E-013
        176, 3.83980473067625832E-013
        177, 3.78576263394887397E-013
        178, 4.02928871986013389E-013
        179, 3.83956026269991376E-013
        180, 3.99530240264305887E-013
        181, 4.18614744931553019E-013
        182, 3.94367388181533081E-013
        183, 4.16786658074481614E-013
        184, 3.80355249350527400E-013
        185, 3.69945226195044274E-013
        186, 4.11119732995223780E-013
        187, 3.99672714170082103E-013
        188, 3.61023994961825952E-013
        189, 3.91059675588766921E-013
        190, 4.06708511651080340E-013
        191, 4.37496472576457678E-013
        192, 3.94837360455810781E-013
        193, 3.92767406245234087E-013
        194, 3.75104513134108021E-013
        195, 4.28648910146277685E-013
        196, 4.02074282404162847E-013
        197, 3.70614431318669427E-013
        198, 3.80719679904087463E-013
        199, 4.19647752411388397E-013
        200, 3.99515797821661304E-013
        201, 4.38042431751913455E-013
        202, 3.79303353460754424E-013
        203, 3.77669655473550084E-013
        204, 3.94693187015001075E-013
        205, 4.32039262693686858E-013
        206, 4.52133972679559700E-013
        207, 4.00050454198281240E-013
        208, 4.25594981644158635E-013
        209, 4.42568629611033219E-013
        210, 4.58031592513617550E-013
        211, 4.45147150776164760E-013
        212, 3.92962170954278372E-013
        213, 4.13712048875082868E-013
        214, 4.20313715536941138E-013
        215, 4.24532964335610465E-013
        216, 4.56995413291774666E-013
        217, 4.28253528359531639E-013
        218, 3.78922246353079073E-013
        219, 4.13217776453682592E-013
        220, 4.28902832591343327E-013
        221, 4.16549091768771731E-013
        222, 4.23701383169806979E-013
        223, 4.01060142680801700E-013
        224, 3.96054933063736910E-013
        225, 4.40226210822537210E-013
        226, 4.20320344919028568E-013
        227, 4.11347683545552249E-013
        228, 4.20597512899363318E-013
        229, 4.07147150613025205E-013
        230, 4.61168891967847055E-013
        231, 4.31302799318643787E-013
        232, 4.07496439886524053E-013
        233, 4.13406634207915199E-013
        234, 4.12153740896511034E-013
        235, 4.06810794789872723E-013
        236, 4.75231736124950545E-013
        237, 4.26129010046550303E-013
        238, 4.15831144457431790E-013
        239, 4.41511423015575402E-013
        240, 4.55783162632441401E-013
        241, 4.63927698397321719E-013
        242, 4.25586002091104430E-013
        243, 4.48109582848816235E-013
        244, 4.54432061597533979E-013
        245, 4.17012660641189534E-013
        246, 4.19469807684211849E-013
        247, 4.06886537951684050E-013
        248, 4.53757213946565149E-013
        249, 4.76334053928345823E-013
        250, 4.06175045871313373E-013
        251, 4.78859404670289707E-013
        252, 4.51979894323827417E-013
        253, 4.31664774741330243E-013
        254, 4.53502680067834372E-013
        255, 4.80169467164004424E-013
        256, 4.78181922029381656E-013
        257, 4.42334409886399481E-013
        258, 4.50816748103976054E-013
        259, 4.56827391476138852E-013
        260, 4.70554852009648851E-013
        261, 4.50048710889238928E-013
        262, 5.32399705322664966E-013
        263, 4.61363188228318481E-013
        264, 4.83246735523721144E-013
        265, 4.99853614014008709E-013
        266, 4.68341236728627532E-013
        267, 4.85158878415608364E-013
        268, 4.99596547847337418E-013
        269, 4.61579673179500127E-013
        270, 4.72970762680895564E-013
        271, 4.60149599446317877E-013
        272, 4.52323561919284699E-013
        273, 4.15671223780599094E-013
        274, 4.64670252139611425E-013
        275, 4.52504700328648922E-013
        276, 4.67587695935269220E-013
        277, 4.65080220510534884E-013
        278, 4.19375712968868958E-013
        279, 5.15852844826265267E-013
        280, 5.15215153249659641E-013
        281, 4.62282155430044352E-013
        282, 4.27318504522532182E-013
        283, 4.32821033327118834E-013
        284, 4.59853207555693831E-013
        285, 4.71012495443572590E-013
        286, 4.15644119363621389E-013
        287, 4.75075649216111412E-013
        288, 5.02004736650185607E-013
        289, 4.99257904793708180E-013
        290, 4.56246957750230941E-013
        291, 5.27398999314590877E-013
        292, 4.45413325439550942E-013
        293, 5.14325768438069880E-013
        294, 4.81649016384520540E-013
        295, 5.00121546386698763E-013
        296, 4.68563669933574865E-013
        297, 4.90943908146917762E-013
        298, 4.75591088413400881E-013
        299, 4.72659948903856844E-013
        300, 4.72682400337198514E-013
        301, 4.45965354075702811E-013
        302, 5.02135202034055983E-013
        303, 4.37021961452831311E-013
        304, 5.15359108966046659E-013
        305, 4.89621266081197188E-013
        306, 5.10841136014201687E-013
        307, 4.46512962589886549E-013
        308, 5.25527132886787821E-013
        309, 5.09189912194730898E-013
        310, 4.82102392507234340E-013
        311, 4.79478818100746338E-013
        312, 5.28264191974799027E-013
        313, 5.23589450734732657E-013
        314, 5.21548760364438597E-013
        315, 4.84587230282782491E-013
        316, 5.05885181706194574E-013
        317, 5.04313187251237670E-013
        318, 5.08925182557713255E-013
        319, 5.19396039069464972E-013
        320, 4.83643135637102363E-013
        321, 5.29549236512209897E-013
        322, 5.14071361234396930E-013
        323, 5.16639475087867652E-013
        324, 5.12803750718033000E-013
        325, 4.64657738213639237E-013
        326, 5.23112681353703642E-013
        327, 4.52265845780617003E-013
        328, 4.54637861611452822E-013
        329, 5.31497166341560439E-013
        330, 4.90028295284291504E-013
        331, 5.24412877703240406E-013
        332, 4.59003708116504559E-013
        333, 5.35557110100591221E-013
        334, 5.10821520428298074E-013
        335, 4.83783454207119110E-013
        336, 5.09839782725411778E-013
        337, 5.07211585165332122E-013
        338, 5.30644184520371783E-013
        339, 5.05453595784943154E-013
        340, 5.41764661713638884E-013
        341, 5.63918798992321043E-013
        342, 5.49403446762382401E-013
        343, 5.45728927543934928E-013
        344, 5.60108137309585950E-013
        345, 5.22705196004065608E-013
        346, 4.68668076132679921E-013
        347, 4.98081792951915869E-013
        348, 5.02485385757808365E-013
        349, 5.76523408582966991E-013
        350, 5.16581812142017337E-013
        351, 5.52028499558387500E-013
        352, 5.56324656149299907E-013
        353, 5.40624472579717017E-013
        354, 5.14989534838875702E-013
        355, 4.61078631015688175E-013
        356, 5.24448417089504439E-013
        357, 5.34960723367797753E-013
        358, 5.47482148379165070E-013
        359, 5.28583733346757035E-013
        360, 5.68269601058760016E-013
        361, 5.68198581454489540E-013
        362, 5.64094148384643840E-013
        363, 5.75643621254192094E-013
        364, 5.40598369550515151E-013
        365, 5.47015987949970533E-013
        366, 5.46452278169639946E-013
        367, 5.39979718694121109E-013
        368, 5.43099498152410507E-013
        369, 5.84912955297494627E-013
        370, 5.42263309233031841E-013
        371, 5.74919785145257030E-013
        372, 5.51498936057387132E-013
        373, 5.88389691907110061E-013
        374, 5.68846165831035577E-013
        375, 5.37033977235235842E-013
        376, 5.31404321124720738E-013
        377, 5.67867282270556728E-013
        378, 5.83553716475772119E-013
        379, 6.17326222335696481E-013
        380, 5.56810036102084605E-013
        381, 5.89565210568662662E-013
        382, 5.75610399464463093E-013
        383, 5.49635335184035147E-013
        384, 5.61352480442791018E-013
        385, 6.08592566076202893E-013
        386, 6.61674505840645887E-013
        387, 5.61330687323601902E-013
        388, 6.07686114160390077E-013
        389, 5.47776313677188383E-013
        390, 6.23357829699066585E-013
        391, 5.86808424216958945E-013
        392, 6.54702471198483026E-013
        393, 6.25790601487009971E-013
        394, 5.52010345652777825E-013
        395, 6.04001465050703898E-013
        396, 5.56227335163585569E-013
        397, 6.47941362369454342E-013
        398, 6.05578259136320564E-013
        399, 6.47253090989619397E-013
        400, 6.61712060569791099E-013
        401, 5.96450878354281753E-013
        402, 6.57775339447753045E-013
        403, 6.22925495712747603E-013
        404, 5.87821184930002336E-013
        405, 5.86020428401191493E-013
        406, 5.86832775351582983E-013
        407, 6.44597230398303981E-013
        408, 6.23449725624790334E-013
        409, 5.99624280177660675E-013
        410, 6.55231123576002486E-013
        411, 6.15195262869520053E-013
        412, 6.82479122891080648E-013
        413, 6.74859303401512803E-013
        414, 6.66447107490709626E-013
        415, 6.27519314349965350E-013
        416, 6.39592953110061466E-013
        417, 7.43197656214577913E-013
        418, 6.89909217183313648E-013
        419, 6.42948120124232478E-013
        420, 6.68500537655215147E-013
        421, 6.82223878752040883E-013
        422, 6.93109123197255641E-013
        423, 6.89434140752840389E-013
        424, 6.60532826823203135E-013
        425, 7.20649986444105015E-013
        426, 6.20626320904498279E-013
        427, 6.57465607397672117E-013
        428, 6.06709558024021699E-013
        429, 7.12947808938927541E-013
        430, 6.69772967193470431E-013
        431, 7.06009360902954832E-013
        432, 6.57693580621467887E-013
        433, 6.52542039678722374E-013
        434, 7.58578940241891662E-013
        435, 7.15088749828477073E-013
        436, 6.15178109492228849E-013
        437, 6.92993899894304239E-013
        438, 7.32857690955674789E-013
        439, 7.51880580054362583E-013
        440, 6.91611736987206294E-013
        441, 6.63594447035469954E-013
        442, 7.67489064484401098E-013
        443, 7.88142018197773300E-013
        444, 7.58291317541375274E-013
        445, 7.43084847019929749E-013
        446, 7.23091659906126542E-013
        447, 7.41383350099069452E-013
        448, 8.29443783679286287E-013
        449, 7.55677033561582243E-013
        450, 7.28214316488055988E-013
        451, 8.47376203606588955E-013
        452, 7.28941334575199503E-013
        453, 8.18242805828720771E-013
        454, 7.82171442040993472E-013
        455, 7.09215789824381836E-013
        456, 7.99441081214785343E-013
        457, 7.64562250910258053E-013
        458, 7.65712516045771201E-013
        459, 7.57471335456768938E-013
        460, 7.77695816236818724E-013
        461, 7.57907995796197955E-013
        462, 7.94221258078811355E-013
        463, 7.77840409064745756E-013
        464, 7.99222275924115742E-013
        465, 8.01880874545547671E-013
        466, 8.32159215934531563E-013
        467, 8.56261108678512978E-013
        468, 8.54450072683717279E-013
        469, 7.91478400626957326E-013
        470, 8.36766609125965967E-013
        471, 8.16510126650627394E-013
        472, 8.85606715938585990E-013
        473, 8.76182942590940219E-013
        474, 8.60636675000046302E-013
        475, 8.71217880885189203E-013
        476, 8.31230354978674478E-013
        477, 9.06068726512121871E-013
        478, 9.56085122392151794E-013
        479, 8.83280680926942792E-013
        480, 8.75931803109684553E-013
        481, 8.47754540482537015E-013
        482, 8.86995569840068672E-013
        483, 8.39337667368907668E-013
        484, 9.27724029146405500E-013
        485, 8.95039367454037626E-013
        486, 9.60083535552863798E-013
        487, 9.53037951644853267E-013
        488, 8.72899410739340523E-013
        489, 8.76193828822938301E-013
        490, 9.17019341737005582E-013
        491, 9.98508449227341886E-013
        492, 1.15622347480137778E-012
        493, 9.63522053020012274E-013
        494, 1.02764433563789884E-012
        495, 1.05855368319032951E-012
        496, 1.07351815043495644E-012
        497, 1.06507180423122155E-012
        498, 1.08161450642674245E-012
        499, 1.23173602209227889E-012
        500, 1.15294965358763726E-012
        501, 9.86669153581457378E-013
        502, 1.13029322539191768E-012
        503, 1.08384356278030799E-012
        504, 1.15937679666959639E-012
        505, 1.36755679551235560E-012
        506, 1.28491320985708692E-012
        507, 1.53107159352746132E-012
        508, 1.39671547205848530E-012
        509, 1.68950187556958402E-012
        510, 1.71453064788272736E-012
        511, 1.56090574943014408E-012
        512, 1.68488117334507116E-012
        513, 3.13735855609219333E-013
        514, 2.95054263791299039E-013
        515, 2.96399416254234732E-013
        516, 3.12528783201320464E-013
        517, 2.93342645578438973E-013
        518, 3.32816283040488945E-013
        519, 2.90773279555065786E-013
        520, 3.22967193943066986E-013
        521, 3.29090425003015400E-013
        522, 2.86763002726292279E-013
        523, 2.81288453706502035E-013
        524, 3.08519224837527560E-013
        525, 3.30652070499477951E-013
        526, 3.09077777158403721E-013
        527, 2.95495739970557376E-013
        528, 3.31084293091544284E-013
        529, 3.30979072230297488E-013
        530, 3.04599054413296841E-013
        531, 2.87742850546246543E-013
        532, 3.01006636503888876E-013
        533, 3.00125201030558153E-013
        534, 3.09440035099463362E-013
        535, 3.03965570587664310E-013
        536, 3.20655863605673911E-013
        537, 3.15793538207115461E-013
        538, 3.14420120231416616E-013
        539, 2.95544114718260227E-013
        540, 2.98720717934122312E-013
        541, 3.13664824580502609E-013
        542, 3.36962805797432608E-013
        543, 3.14004377518756106E-013
        544, 3.23425709959102264E-013
        545, 3.21120582614228364E-013
        546, 3.21813081090111279E-013
        547, 3.05969106866638051E-013
        548, 3.04012289336743182E-013
        549, 3.30323586292960724E-013
        550, 3.31633839923178364E-013
        551, 3.29305851568166587E-013
        552, 3.47109055359136914E-013
        553, 2.84802174739602394E-013
        554, 3.06466772001296212E-013
        555, 3.51503689607517790E-013
        556, 3.44188520105351866E-013
        557, 3.31458277474008200E-013
        558, 3.28944868734405185E-013
        559, 2.96926486173048382E-013
        560, 3.20046114990567479E-013
        561, 3.47273630953258113E-013
        562, 3.09368339246138513E-013
        563, 3.50894934517211606E-013
        564, 3.17694008598353160E-013
        565, 2.90042660585682642E-013
        566, 3.36097848987856595E-013
        567, 3.38333286449781235E-013
        568, 3.54745157517812373E-013
        569, 3.40729286560265618E-013
        570, 2.96597588157933461E-013
        571, 3.13235523753512304E-013
        572, 3.28127884160193935E-013
        573, 3.22508517385193448E-013
        574, 3.21618661044482192E-013
        575, 3.43239342055953073E-013
        576, 3.22501578230729112E-013
        577, 3.50094916702553084E-013
        578, 3.31486748260633473E-013
        579, 3.27077668408004208E-013
        580, 3.33006135522765861E-013
        581, 3.37697212098789303E-013
        582, 3.14491125310305971E-013
        583, 3.34190701812797526E-013
        584, 3.16363484885910164E-013
        585, 3.41571746111172694E-013
        586, 3.33036812526563979E-013
        587, 3.15732736143531660E-013
        588, 3.36782012393694271E-013
        589, 3.46508188613129103E-013
        590, 3.51168900761168256E-013
        591, 3.44790353844796211E-013
        592, 3.27947545465060274E-013
        593, 3.85722935951011079E-013
        594, 3.45365885305015176E-013
        595, 3.45283026196112858E-013
        596, 3.33400151041389704E-013
        597, 3.39319419318212981E-013
        598, 3.57534274614515342E-013
        599, 3.58250259837888041E-013
        600, 3.67871991806126839E-013
        601, 3.50128552514174087E-013
        602, 3.36003626261999233E-013
        603, 3.14043641326320896E-013
        604, 3.51483561704111765E-013
        605, 3.34500248934003178E-013
        606, 3.52703425976118420E-013
        607, 3.59542414068876905E-013
        608, 3.37062763493822628E-013
        609, 3.76319857655702245E-013
        610, 3.42968170642253911E-013
        611, 3.45734599092947245E-013
        612, 3.56434311711676623E-013
        613, 3.80102477818329334E-013
        614, 3.10804011207611266E-013
        615, 3.77900146860534557E-013
        616, 3.34892550426100209E-013
        617, 3.32061091943009589E-013
        618, 3.41690737212699991E-013
        619, 3.43304713113118352E-013
        620, 3.35233548113339464E-013
        621, 3.53515255822048063E-013
        622, 3.47492932657548678E-013
        623, 3.50172167218578949E-013
        624, 3.63814067455485482E-013
        625, 3.74069582053754853E-013
        626, 3.60801381010490850E-013
        627, 3.64838114842692988E-013
        628, 3.26974389882308869E-013
        629, 4.06015105982201310E-013
        630, 3.64223679719952693E-013
        631, 3.37995343109469796E-013
        632, 3.53967351335889308E-013
        633, 3.68404306514432524E-013
        634, 3.52433033002504333E-013
        635, 3.48473027564335688E-013
        636, 3.53541669634548274E-013
        637, 3.43099822137346228E-013
        638, 3.73784564507429726E-013
        639, 3.61477794314147305E-013
        640, 3.95744521275286658E-013
        641, 3.94346246497017623E-013
        642, 3.78937089814291596E-013
        643, 3.85657852186243423E-013
        644, 4.15334303983166128E-013
        645, 3.82287277244536186E-013
        646, 3.71787308533445292E-013
        647, 3.71421052536816271E-013
        648, 4.21922677179060520E-013
        649, 3.91314704456467976E-013
        650, 3.95345559101496182E-013
        651, 3.74686325801333279E-013
        652, 3.49997620285455942E-013
        653, 3.53246546867962967E-013
        654, 3.66412321413782617E-013
        655, 3.78195529133328661E-013
        656, 3.44992659207393081E-013
        657, 3.73142183522755433E-013
        658, 3.58629525855442367E-013
        659, 3.72543428491569153E-013
        660, 3.78285705460490731E-013
        661, 4.12459918307265607E-013
        662, 3.85825601271587706E-013
        663, 3.70447833375535310E-013
        664, 3.92666446025169866E-013
        665, 4.00962872898116831E-013
        666, 3.86617570740320987E-013
        667, 3.64513336166502141E-013
        668, 3.90907994562086536E-013
        669, 3.73739636449461713E-013
        670, 3.72939798649650935E-013
        671, 3.61329261125207459E-013
        672, 3.98813877578882991E-013
        673, 4.02477146224861016E-013
        674, 3.78826365163587895E-013
        675, 3.84705412045211021E-013
        676, 3.69019220734777097E-013
        677, 4.08365871182542992E-013
        678, 3.66982066232234124E-013
        679, 4.17416251607600437E-013
        680, 3.95695120487446408E-013
        681, 3.81253318418241770E-013
        682, 3.93578476513096006E-013
        683, 3.67610542992277009E-013
        684, 4.20744796563743027E-013
        685, 4.29140467930449750E-013
        686, 3.57558385639281821E-013
        687, 4.49428591507423170E-013
        688, 3.76064242410137338E-013
        689, 4.45208589384240615E-013
        690, 4.14479689654273905E-013
        691, 3.86088302283634082E-013
        692, 4.07450756969937411E-013
        693, 4.05492595393018899E-013
        694, 3.71005119966010795E-013
        695, 3.67423317361925764E-013
        696, 3.63255645693738698E-013
        697, 3.92858929458445481E-013
        698, 3.93867904535662849E-013
        699, 4.03321206948382050E-013
        700, 3.84986450001452492E-013
        701, 4.13305082687557177E-013
        702, 4.19576771029250960E-013
        703, 3.72699967458881882E-013
        704, 3.81328687550877163E-013
        705, 4.04624810009516643E-013
        706, 4.21613876665543535E-013
        707, 3.99050145380506711E-013
        708, 4.34501514224354954E-013
        709, 3.41345643879050085E-013
        710, 4.09006041708349903E-013
        711, 3.81778152070006414E-013
        712, 4.16165869205625582E-013
        713, 3.97401369926214920E-013
        714, 4.16216548448043770E-013
        715, 4.00722302249972562E-013
        716, 3.79068700440648085E-013
        717, 3.77115320478953677E-013
        718, 3.70820525512249850E-013
        719, 3.66139622616933781E-013
        720, 3.99187505606845074E-013
        721, 4.35031564285515809E-013
        722, 4.08215203972916632E-013
        723, 3.71242836993941325E-013
        724, 4.35408256972390009E-013
        725, 4.24104413715407012E-013
        726, 3.94499335572791358E-013
        727, 3.99343501902092624E-013
        728, 4.42263769635038857E-013
        729, 4.50203371836341744E-013
        730, 4.14059083861053037E-013
        731, 4.56397644936169028E-013
        732, 4.28096003028321023E-013
        733, 4.15790482827513969E-013
        734, 4.56508575259071338E-013
        735, 4.14355009307910230E-013
        736, 3.81957864269225177E-013
        737, 4.04407069160536256E-013
        738, 3.98286584373728139E-013
        739, 4.00398413213002408E-013
        740, 4.48712127051770294E-013
        741, 4.17196067526859814E-013
        742, 4.00552593610817954E-013
        743, 4.38260342933221536E-013
        744, 4.29438348377944956E-013
        745, 4.59305501714660507E-013
        746, 4.22383576293035322E-013
        747, 4.42668393539256052E-013
        748, 4.37665095032620469E-013
        749, 4.34126077826146114E-013
        750, 4.28115890529081984E-013
        751, 4.41154955802855996E-013
        752, 4.01106494884786827E-013
        753, 4.60516251450566719E-013
        754, 4.45671551910824772E-013
        755, 4.19073512727022868E-013
        756, 4.23785519536656732E-013
        757, 4.21919004509833140E-013
        758, 4.18457169878943560E-013
        759, 4.38891923975975000E-013
        760, 4.20180714581096595E-013
        761, 4.28082831409809536E-013
        762, 4.39407448338146424E-013
        763, 4.26065866749967862E-013
        764, 3.93802436439316248E-013
        765, 4.86615031818138846E-013
        766, 4.32648473320308951E-013
        767, 4.57723579097569155E-013
        768, 4.45840605761851300E-013
        769, 4.65935402037153697E-013
        770, 4.52936113660230936E-013
        771, 4.42663322804192574E-013
        772, 4.92201660613542430E-013
        773, 4.71502569548911603E-013
        774, 4.51188046881159529E-013
        775, 4.59642010614597192E-013
        776, 4.36199363432675963E-013
        777, 4.32109047665206910E-013
        778, 4.68313247014508682E-013
        779, 4.68026160122506903E-013
        780, 4.32894283255202717E-013
        781, 4.08191184813363091E-013
        782, 4.30747636673662781E-013
        783, 4.71035204121526494E-013
        784, 4.39813443504180178E-013
        785, 4.37646795074464568E-013
        786, 4.74440532750122888E-013
        787, 4.13892134048526985E-013
        788, 4.68173588256386659E-013
        789, 5.31955705989681488E-013
        790, 4.71493764600001442E-013
        791, 4.63588221421304187E-013
        792, 4.21172615530596303E-013
        793, 4.86822677349198765E-013
        794, 4.63932089926939957E-013
        795, 4.75674066693551406E-013
        796, 4.58174661434074505E-013
        797, 4.86643878376981461E-013
        798, 4.66159485305573353E-013
        799, 4.86076357634982065E-013
        800, 4.42182769322883030E-013
        801, 4.70765719068159871E-013
        802, 4.80438010988612768E-013
        803, 4.58318477160247337E-013
        804, 4.64414510711557581E-013
        805, 4.78665611112202686E-013
        806, 4.58371983899061691E-013
        807, 4.94495959176777206E-013
        808, 4.86813683753667129E-013
        809, 4.55942285277526729E-013
        810, 4.47328377551268402E-013
        811, 5.17584587653790793E-013
        812, 4.88060434561856476E-013
        813, 4.82851424280729321E-013
        814, 4.81681766310438219E-013
        815, 4.90792726931186759E-013
        816, 4.41598490879630006E-013
        817, 4.68746351775296414E-013
        818, 4.99047232914852945E-013
        819, 4.88252586930832433E-013
        820, 4.72047132796548908E-013
        821, 4.89044264572734822E-013
        822, 4.90360376446368071E-013
        823, 4.93606349391033881E-013
        824, 5.04843157915053991E-013
        825, 4.54204238582066338E-013
        826, 4.78723964188481990E-013
        827, 5.07648525069224899E-013
        828, 4.67661301473461098E-013
        829, 5.41073393053371526E-013
        830, 4.80441592758769875E-013
        831, 5.38300382745732739E-013
        832, 5.25631237553576363E-013
        833, 5.13134704340672313E-013
        834, 4.70345906860987559E-013
        835, 5.05690462970580954E-013
        836, 5.26883295852599974E-013
        837, 4.87129665364886204E-013
        838, 4.97499435636501757E-013
        839, 5.54170934949361708E-013
        840, 4.84879933742248142E-013
        841, 4.96801982795003340E-013
        842, 4.84102927571013355E-013
        843, 5.45786104134449449E-013
        844, 4.93099675484604553E-013
        845, 4.86435657303890414E-013
        846, 5.47553220557921232E-013
        847, 5.38336898562380627E-013
        848, 5.11197639874013338E-013
        849, 4.99625602843900712E-013
        850, 5.23156595964926256E-013
        851, 5.17371984110059139E-013
        852, 4.79967764975150620E-013
        853, 5.52043319236125863E-013
        854, 5.14853903888277582E-013
        855, 5.61693854668499541E-013
        856, 5.63839663208400279E-013
        857, 5.08918870351877837E-013
        858, 4.80412672274073950E-013
        859, 5.01617645702389886E-013
        860, 5.26031926202344716E-013
        861, 5.28777432116049747E-013
        862, 4.82667247718199087E-013
        863, 5.15383712241871781E-013
        864, 5.39801234975631663E-013
        865, 5.09103272227312189E-013
        866, 5.50181428461949681E-013
        867, 5.33016347090653414E-013
        868, 5.26215326967107573E-013
        869, 5.21190612603641908E-013
        870, 5.06345409466321097E-013
        871, 5.71626249029405348E-013
        872, 5.58726318005405858E-013
        873, 5.77032460195004702E-013
        874, 5.51336946403071656E-013
        875, 5.18029823463641628E-013
        876, 6.10558382233655831E-013
        877, 5.72660178966752812E-013
        878, 5.40932151116207765E-013
        879, 6.09861195582367091E-013
        880, 5.79615039974848330E-013
        881, 5.59400369895997983E-013
        882, 5.35033613377364342E-013
        883, 5.62285001994125926E-013
        884, 5.58376239347385758E-013
        885, 5.42276878520516231E-013
        886, 6.30183312522014839E-013
        887, 5.96152003911120854E-013
        888, 5.83132111617687747E-013
        889, 5.61673517427446930E-013
        890, 6.21121079090688633E-013
        891, 5.61393590823140601E-013
        892, 5.55518935960917816E-013
        893, 5.63825181857761642E-013
        894, 5.85975316351699085E-013
        895, 5.97138717401664386E-013
        896, 4.91540757028489216E-013
        897, 5.78209662106735824E-013
        898, 6.03213429403532917E-013
        899, 5.63077557067839250E-013
        900, 6.40663353055768492E-013
        901, 6.33659192121901746E-013
        902, 6.28070114482563342E-013
        903, 6.09858240747162301E-013
        904, 6.81918584304714061E-013
        905, 5.79008989485394822E-013
        906, 6.10368288934011573E-013
        907, 5.99535676020867917E-013
        908, 5.62755576950928383E-013
        909, 6.24970683992888301E-013
        910, 5.83787953414927016E-013
        911, 5.96810009917598739E-013
        912, 6.21962155980205673E-013
        913, 5.97627821233368867E-013
        914, 6.79149246461479122E-013
        915, 6.04358758285086602E-013
        916, 5.65574457021119163E-013
        917, 6.61481700646709227E-013
        918, 6.52845840438387783E-013
        919, 6.54239168176052545E-013
        920, 5.76105812036945325E-013
        921, 6.28734597441252502E-013
        922, 6.52075717565628558E-013
        923, 6.79586439380940150E-013
        924, 6.98212419514506932E-013
        925, 6.35693018814387323E-013
        926, 6.49915726348778954E-013
        927, 6.29747123137553448E-013
        928, 7.24463554839700937E-013
        929, 6.44587860143934212E-013
        930, 7.30375654739987932E-013
        931, 7.05320418008995317E-013
        932, 6.41118583491924606E-013
        933, 6.75173663243864010E-013
        934, 6.42909088570540352E-013
        935, 6.42309951001997630E-013
        936, 6.40220035807133774E-013
        937, 6.70519616092105756E-013
        938, 6.52994741437985193E-013
        939, 7.18797673693692686E-013
        940, 6.26345685520400472E-013
        941, 6.66070545137026911E-013
        942, 7.77379857160602952E-013
        943, 7.18973283865128670E-013
        944, 6.10085873425088322E-013
        945, 6.72584751106368976E-013
        946, 6.80514110493992449E-013
        947, 7.55225742272107107E-013
        948, 6.79082506678443311E-013
        949, 6.67739422378030431E-013
        950, 8.00382854680705295E-013
        951, 7.30346350581910278E-013
        952, 7.01639153614029989E-013
        953, 6.83297619351922797E-013
        954, 7.88571476594344571E-013
        955, 7.68360542188597518E-013
        956, 7.12920896935236225E-013
        957, 7.86353806325214823E-013
        958, 8.09514905717518289E-013
        959, 8.10238324051255979E-013
        960, 7.23242925822750297E-013
        961, 7.63266539467168135E-013
        962, 7.75837140850232859E-013
        963, 8.14640124174963596E-013
        964, 6.78447973890537485E-013
        965, 7.53177572726172424E-013
        966, 7.94218320847994143E-013
        967, 8.50503648697573881E-013
        968, 7.46951444259999851E-013
        969, 7.99172867268345803E-013
        970, 8.14667129020087839E-013
        971, 7.90208065416355319E-013
        972, 8.18187119076386490E-013
        973, 8.22782964568530767E-013
        974, 8.11482513988726212E-013
        975, 7.98343808380576318E-013
        976, 8.18379154148091665E-013
        977, 7.89140216086763713E-013
        978, 8.49107656465013608E-013
        979, 8.93874033559862795E-013
        980, 8.26059135645337800E-013
        981, 8.06949455337444088E-013
        982, 7.19895828185861295E-013
        983, 8.63652232734019611E-013
        984, 9.65407363969079145E-013
        985, 8.74781615519802718E-013
        986, 9.06586473846720659E-013
        987, 8.85472261966634866E-013
        988, 9.41721792926521077E-013
        989, 9.49619388170628398E-013
        990, 8.92926016507592762E-013
        991, 8.98053272288807063E-013
        992, 7.93782532182056374E-013
        993, 8.38352892227821279E-013
        994, 9.45723247756174231E-013
        995, 9.20554820905778589E-013
        996, 1.01715040863402620E-012
        997, 8.37808494530032409E-013
        998, 8.98494512510665017E-013
        999, 1.08337162609901020E-012
       1000, 9.88518613225171754E-013
       1001, 9.27196372423240359E-013
       1002, 1.01505275117056717E-012
       1003, 1.08505929052961585E-012
       1004, 1.04862649450996365E-012
       1005, 9.90403154241623350E-013
       1006, 1.05421775005161462E-012
       1007, 1.16105150155703164E-012
       1008, 1.01186574786592792E-012
       1009, 1.10844221081352306E-012
       1010, 1.17491761233249072E-012
       1011, 1.17285076003345811E-012
       1012, 1.20691716199696377E-012
       1013, 1.13961053027766386E-012
       1014, 1.16184153134381927E-012
       1015, 1.28687809546273741E-012
       1016, 1.17261779080215816E-012
       1017, 1.25294893086363377E-012
       1018, 1.30134219154012685E-012
       1019, 1.43925368686529626E-012
       1020, 1.36883028698379961E-012
       1021, 1.40943667449057286E-012
       1022, 1.26546915690686438E-012
       1023, 1.84006382731765135E-012
       1024, 1.70040728550438928E-012
      -1023, 1.84006382731765135E-012
          0, 6.08830215569509393E-014
