         0, 2147483647,  1010, 1.17523912608155552E+304
         1,     524784,  1010, 2.63858214558256199E-001
         2,     524734,  1010, 4.81750513564152549E-001
         3,     524721,  1010, 8.00000000000000044E-001
         4,     524692,  1010, 1.83569070454917299E-001
         5,     524401,  1010, 1.43285737488721802E-002
         6,     524043,  1010, 2.99864345457459731E-004
         7,     523829,  1010, 5.91109062032595554E-006
         8,     522924,  1010, 2.40004085096599800E-008
         9,     434348,  1010, 1.22395924835554654E-011
        10,      78490,  1010, 1.82343282465415905E-015
        11,      11172,  1010, 1.82414395622400740E-015
        12,        101,  1010, 1.78760814461143139E-015
        13,          3,  1010, 1.77420563124627706E-015
        14,          0,  1010, 0.00000000000000000E+000
"j", "||(G*V)j - (U*Σ)j||_F / Σj"
          1, 3.42568085823215314E-013
          2, 2.98728832518005186E-013
          3, 2.90428297601742975E-013
          4, 3.11779126843833760E-013
          5, 3.16271875786693844E-013
          6, 2.80422634650482079E-013
          7, 2.97187961570511074E-013
          8, 3.14729530067336848E-013
          9, 3.13236435640960545E-013
         10, 2.88110978997583640E-013
         11, 3.24633064684818058E-013
         12, 3.21835172785901963E-013
         13, 2.88581661139569175E-013
         14, 3.12041436205516941E-013
         15, 3.27926524627484291E-013
         16, 3.12248413349853863E-013
         17, 3.03689615482049692E-013
         18, 2.90161031764242886E-013
         19, 3.23387055993012155E-013
         20, 2.94179595115717431E-013
         21, 3.07025833973224052E-013
         22, 3.12825689736704329E-013
         23, 3.24320169067391051E-013
         24, 3.18261298412012388E-013
         25, 3.10323623672699150E-013
         26, 3.17187465667316251E-013
         27, 2.96763470219852867E-013
         28, 3.09298127847289290E-013
         29, 3.10834048602962541E-013
         30, 3.20820306537043350E-013
         31, 3.23191316469268336E-013
         32, 3.31969148393440173E-013
         33, 3.04888015025758125E-013
         34, 3.11973711133421852E-013
         35, 3.21741898654101753E-013
         36, 3.23164992973223548E-013
         37, 3.42386593848479346E-013
         38, 3.04071587777954439E-013
         39, 3.03014813325210797E-013
         40, 3.10302486954869420E-013
         41, 3.41712765011950060E-013
         42, 3.15552838820882004E-013
         43, 3.11076833084265447E-013
         44, 3.27940144228098172E-013
         45, 3.14950838022290406E-013
         46, 3.12380674014459954E-013
         47, 2.93392449122111030E-013
         48, 3.09809428703904293E-013
         49, 3.14727750026444159E-013
         50, 3.14139477688401223E-013
         51, 3.07156576690720637E-013
         52, 3.24240111019296372E-013
         53, 3.37266639277252187E-013
         54, 3.41375238526776591E-013
         55, 3.28273947541429622E-013
         56, 3.57501760623951189E-013
         57, 3.27248087122284514E-013
         58, 3.14378370460498775E-013
         59, 3.15217096858526700E-013
         60, 3.74869609849640490E-013
         61, 3.80034513795184072E-013
         62, 3.18885435276146894E-013
         63, 3.67797431729334292E-013
         64, 3.53302183919723474E-013
         65, 3.31511586445653928E-013
         66, 3.35213750178106452E-013
         67, 3.38073045380325259E-013
         68, 3.14608429408720809E-013
         69, 3.56139895451571785E-013
         70, 3.70578344988185753E-013
         71, 3.43187897093481020E-013
         72, 3.66327026175334404E-013
         73, 3.49279900053868365E-013
         74, 3.44828671977362537E-013
         75, 3.21857325302528762E-013
         76, 3.63537170532287974E-013
         77, 3.20159708342270614E-013
         78, 3.50801542590705526E-013
         79, 3.49424597582928994E-013
         80, 3.35195912598601543E-013
         81, 3.41146470886019647E-013
         82, 3.36154934277701121E-013
         83, 3.46330806275139859E-013
         84, 3.22188205618418863E-013
         85, 3.55112549363171798E-013
         86, 3.29831665799542956E-013
         87, 3.88206470721201490E-013
         88, 3.36819463688782502E-013
         89, 3.23079553015300742E-013
         90, 3.62049243838548235E-013
         91, 3.48597285960866688E-013
         92, 3.56184879965789117E-013
         93, 3.46608146474511111E-013
         94, 3.20344123264573999E-013
         95, 3.56885264501496474E-013
         96, 3.08239513915126626E-013
         97, 3.45451691051396029E-013
         98, 3.68011338732688367E-013
         99, 3.36110582460211584E-013
        100, 3.84411545727983379E-013
        101, 3.21037636909246946E-013
        102, 3.67261649615989767E-013
        103, 3.17340858723804769E-013
        104, 3.37948092194290664E-013
        105, 3.58470855425046854E-013
        106, 3.24902833047362070E-013
        107, 3.42558233011982447E-013
        108, 3.73606478288332120E-013
        109, 3.60753639739378334E-013
        110, 3.46206802053054169E-013
        111, 3.43731900903454174E-013
        112, 3.79667543844364407E-013
        113, 3.55675399244345444E-013
        114, 3.41780430468153449E-013
        115, 3.88407897846204102E-013
        116, 3.34177879196272284E-013
        117, 3.54020752723333404E-013
        118, 3.69548599530280234E-013
        119, 3.83278847786973794E-013
        120, 3.93056032023269858E-013
        121, 3.43757284421419745E-013
        122, 3.75045680629569944E-013
        123, 3.57261738244423351E-013
        124, 3.50889681207281958E-013
        125, 3.75264210890369300E-013
        126, 3.73758244891965811E-013
        127, 3.62216224901374300E-013
        128, 3.60178711013517665E-013
        129, 4.20018290705072219E-013
        130, 3.75479975303595194E-013
        131, 3.71308611132146964E-013
        132, 3.69777133516298856E-013
        133, 4.23174953090180346E-013
        134, 4.08254328379419407E-013
        135, 3.77081771640966106E-013
        136, 3.43235459429161664E-013
        137, 3.70681611101469889E-013
        138, 3.91976477421296489E-013
        139, 3.28900626277859346E-013
        140, 3.68162185293604434E-013
        141, 3.80374562713944058E-013
        142, 3.66924806834367826E-013
        143, 3.65525156846813225E-013
        144, 4.24029983810108901E-013
        145, 3.49873576708549074E-013
        146, 4.25815166758266806E-013
        147, 3.90609289727274354E-013
        148, 3.77071386349279708E-013
        149, 3.80144757929415955E-013
        150, 3.41511993294204212E-013
        151, 3.88658289222721920E-013
        152, 3.40476176804915763E-013
        153, 3.33964971689924715E-013
        154, 3.58228335284409481E-013
        155, 3.79060805151312511E-013
        156, 4.03094606184657715E-013
        157, 3.80586267703365265E-013
        158, 4.16561843813618235E-013
        159, 3.99601627198046294E-013
        160, 3.96459740867077466E-013
        161, 3.89368073947721940E-013
        162, 3.61986707827941351E-013
        163, 4.09005135627693255E-013
        164, 3.49114230357175439E-013
        165, 3.48427925554184075E-013
        166, 3.89572546507507778E-013
        167, 3.57612012779907921E-013
        168, 3.88721601619057413E-013
        169, 3.89298120090622829E-013
        170, 3.88253683267992217E-013
        171, 3.70611013682435856E-013
        172, 3.88571250240625794E-013
        173, 3.96979762093432151E-013
        174, 3.70376698019112254E-013
        175, 3.72441930339762538E-013
        176, 4.14390053245453880E-013
        177, 3.81063191206173259E-013
        178, 4.42132547087356167E-013
        179, 4.25587934976395723E-013
        180, 3.88937963816761970E-013
        181, 3.94787438179157957E-013
        182, 3.79440190746874951E-013
        183, 3.79100760822018897E-013
        184, 4.14848563952511710E-013
        185, 3.81883063853728768E-013
        186, 3.89684006087855133E-013
        187, 3.94188024527096119E-013
        188, 4.01711615787829661E-013
        189, 3.64726595894260513E-013
        190, 4.15526009025365705E-013
        191, 4.21979155721154367E-013
        192, 4.12530184213462557E-013
        193, 4.01663582022173783E-013
        194, 3.85318276391425158E-013
        195, 4.18133812710795838E-013
        196, 4.36794368494700425E-013
        197, 3.79844311461257940E-013
        198, 3.51979414121719292E-013
        199, 4.42376690292817551E-013
        200, 3.77016432900323068E-013
        201, 3.83317260683341851E-013
        202, 3.49779146755790584E-013
        203, 4.13473949744840643E-013
        204, 4.14152561072386401E-013
        205, 3.92900941489446058E-013
        206, 4.69503802579713435E-013
        207, 4.03944381135862806E-013
        208, 4.18303889166337439E-013
        209, 4.22933103772322366E-013
        210, 3.97944904109173446E-013
        211, 4.16854457105798804E-013
        212, 4.06581416237475322E-013
        213, 4.04487058558378052E-013
        214, 4.22414640974570361E-013
        215, 4.26208354559610847E-013
        216, 4.10735881271663832E-013
        217, 3.71268929099182714E-013
        218, 4.19272953064845257E-013
        219, 4.30043945127021771E-013
        220, 4.05612335865291950E-013
        221, 4.18215958921162237E-013
        222, 3.91400343411310358E-013
        223, 3.87801234064453587E-013
        224, 4.41396246552064147E-013
        225, 4.01593041615025431E-013
        226, 3.95049797388678152E-013
        227, 3.60626680205594561E-013
        228, 4.35395079249980354E-013
        229, 4.22452616318899296E-013
        230, 3.87645775850988565E-013
        231, 4.22468866726636421E-013
        232, 4.80254476077293046E-013
        233, 4.28300198585938446E-013
        234, 4.12014201337091850E-013
        235, 4.67909514537332110E-013
        236, 4.58525042500617833E-013
        237, 4.17564094778162106E-013
        238, 4.16639395928310706E-013
        239, 4.34129388722939016E-013
        240, 4.19117547679854746E-013
        241, 4.36863951064780394E-013
        242, 4.16774613597481201E-013
        243, 4.15050104287795305E-013
        244, 4.57616071720109801E-013
        245, 4.47201476860488682E-013
        246, 4.24889401041513062E-013
        247, 3.96916268979928802E-013
        248, 4.62191543233531382E-013
        249, 4.32668475856647197E-013
        250, 4.18965891586047488E-013
        251, 4.73150808676813136E-013
        252, 4.50273307862686397E-013
        253, 4.46536176907051066E-013
        254, 4.40261275937737576E-013
        255, 4.29432257490403432E-013
        256, 4.53599469339385778E-013
        257, 4.74161215005960795E-013
        258, 4.35449091032707204E-013
        259, 4.56318060323111257E-013
        260, 4.49447117979391919E-013
        261, 4.66853432083021502E-013
        262, 4.16682314135028826E-013
        263, 4.70441670241084352E-013
        264, 4.37520183418401259E-013
        265, 4.40792139077888675E-013
        266, 5.00751802286919317E-013
        267, 4.41400495130455945E-013
        268, 4.86347287546802541E-013
        269, 4.47188149862931243E-013
        270, 4.58327020949021109E-013
        271, 4.81753264775454824E-013
        272, 4.51219317234617770E-013
        273, 4.72732268499794266E-013
        274, 4.33828155559519441E-013
        275, 4.42441041898247124E-013
        276, 4.42046577048234716E-013
        277, 4.63583947662594877E-013
        278, 4.54486809230798338E-013
        279, 4.99941295881024485E-013
        280, 4.23601404107662986E-013
        281, 5.40497623318735222E-013
        282, 4.42801628019727406E-013
        283, 4.90467312145151728E-013
        284, 4.55919246017236636E-013
        285, 4.82633830274300406E-013
        286, 3.87882799687899322E-013
        287, 5.15293781114663155E-013
        288, 4.09257794791503901E-013
        289, 4.87506110187073647E-013
        290, 4.58627065790718606E-013
        291, 4.56675301054911596E-013
        292, 4.57846517146314314E-013
        293, 4.61334877013674368E-013
        294, 4.97882276531334260E-013
        295, 4.65626151363104999E-013
        296, 4.52131491166350447E-013
        297, 4.92483303162338265E-013
        298, 4.66939225356603080E-013
        299, 4.69946360601620446E-013
        300, 4.63309999298366534E-013
        301, 4.73533232280027220E-013
        302, 4.73682802745977361E-013
        303, 4.82808740552376147E-013
        304, 4.88908425880005852E-013
        305, 4.52012016812483818E-013
        306, 4.98911672443898512E-013
        307, 4.80108877292856526E-013
        308, 4.70906279824377271E-013
        309, 4.51334423465643765E-013
        310, 4.96659221187381762E-013
        311, 4.82341636543555230E-013
        312, 5.23668098001030044E-013
        313, 4.62814626226077929E-013
        314, 5.03821571611623821E-013
        315, 4.41284576297598620E-013
        316, 4.77725967728553840E-013
        317, 5.00675972857843786E-013
        318, 4.53582631854345482E-013
        319, 4.57428829872106459E-013
        320, 5.16047084873688976E-013
        321, 5.21729236179940309E-013
        322, 5.52164815370679620E-013
        323, 5.32415792861307990E-013
        324, 4.97161251468364826E-013
        325, 4.94988826282081605E-013
        326, 5.42022931191366630E-013
        327, 5.37529589084480919E-013
        328, 4.65124061284384847E-013
        329, 5.30060419189431223E-013
        330, 4.79798902708876663E-013
        331, 4.99283371074951555E-013
        332, 5.00092156439054568E-013
        333, 5.30727258359758517E-013
        334, 5.55352616888417762E-013
        335, 4.65146234862196900E-013
        336, 5.49204644715808972E-013
        337, 5.49950789309463895E-013
        338, 5.15361376983063255E-013
        339, 4.88285504501655995E-013
        340, 5.25111521303072907E-013
        341, 5.27853251327929700E-013
        342, 5.42329482951916412E-013
        343, 4.96944345712882513E-013
        344, 4.84795438914700694E-013
        345, 4.74119835166932650E-013
        346, 5.03878161605486683E-013
        347, 4.96817549447808773E-013
        348, 5.03361185718351983E-013
        349, 5.73192266149360614E-013
        350, 5.93103349442247100E-013
        351, 5.67901216035556464E-013
        352, 5.07760120288906539E-013
        353, 5.27686611713148390E-013
        354, 5.34068682061458235E-013
        355, 5.34818564399488622E-013
        356, 5.44130944561621665E-013
        357, 5.43436162237716457E-013
        358, 5.41205887358217711E-013
        359, 5.35853476433424707E-013
        360, 4.90682505987955622E-013
        361, 5.44010129963695572E-013
        362, 5.47640073350413562E-013
        363, 5.74662284256687629E-013
        364, 5.23110576117124793E-013
        365, 5.65681364745327194E-013
        366, 5.39710807956666960E-013
        367, 5.78417887586810914E-013
        368, 5.42546632291479582E-013
        369, 5.76994005259434292E-013
        370, 5.74664356483988602E-013
        371, 6.08064810731623345E-013
        372, 5.74242290920298424E-013
        373, 5.76609174132203660E-013
        374, 5.57330607048541257E-013
        375, 5.78030540239851621E-013
        376, 5.71445604343507058E-013
        377, 5.70015340131809276E-013
        378, 6.30150441271600832E-013
        379, 6.35174141531629711E-013
        380, 6.35209926908677090E-013
        381, 5.68067911192197895E-013
        382, 5.62156260881144597E-013
        383, 5.42314437264288842E-013
        384, 5.54942622494626492E-013
        385, 6.09817601922049017E-013
        386, 6.40273790780325197E-013
        387, 6.11558278895933933E-013
        388, 6.38385223569917246E-013
        389, 5.76937016214081396E-013
        390, 6.23666138607330489E-013
        391, 6.20932805144623427E-013
        392, 4.97586557575660667E-013
        393, 6.57740126654548183E-013
        394, 5.86584620355652637E-013
        395, 5.96505200464956188E-013
        396, 6.21574430035066338E-013
        397, 5.34673407665508916E-013
        398, 5.73692269587976924E-013
        399, 6.46245085037395559E-013
        400, 6.63859371518962362E-013
        401, 6.65849917274474869E-013
        402, 7.45640002002141641E-013
        403, 6.86422735337038700E-013
        404, 6.21689990425801786E-013
        405, 7.14223766751478845E-013
        406, 6.41233503781735754E-013
        407, 6.33482544450142247E-013
        408, 6.80635073753802021E-013
        409, 6.70410409391787871E-013
        410, 6.90636631258214602E-013
        411, 6.49941183799472562E-013
        412, 6.87733714126049839E-013
        413, 6.45207052894027938E-013
        414, 6.11829061100086370E-013
        415, 7.16524906265158110E-013
        416, 6.70649218476270798E-013
        417, 6.19177384135720638E-013
        418, 6.74226918210290787E-013
        419, 7.04720982678767717E-013
        420, 6.77939983732137208E-013
        421, 6.82845956508908089E-013
        422, 7.24416409953481071E-013
        423, 6.22818393988532502E-013
        424, 6.57265403350564497E-013
        425, 6.11675492312283354E-013
        426, 6.96477527921391657E-013
        427, 6.78761159749509648E-013
        428, 6.01750939616112660E-013
        429, 6.49269153632945174E-013
        430, 6.28005856083473152E-013
        431, 7.18043772863641678E-013
        432, 6.91638395193141636E-013
        433, 5.87659669738021756E-013
        434, 7.82009593915643104E-013
        435, 6.59662145331758621E-013
        436, 6.19157094134947762E-013
        437, 7.19356605440435382E-013
        438, 7.05316877834232871E-013
        439, 7.61573130213495078E-013
        440, 5.71197339872177703E-013
        441, 6.61287134617426386E-013
        442, 6.74450709415884376E-013
        443, 8.15399216901227291E-013
        444, 7.70561925540562632E-013
        445, 6.80596619728709473E-013
        446, 7.27912832691822149E-013
        447, 6.94713816769014069E-013
        448, 7.10328224176982906E-013
        449, 7.31696314123587818E-013
        450, 7.61133731947216364E-013
        451, 6.73309358253747612E-013
        452, 7.15260315927494259E-013
        453, 7.17212016471227661E-013
        454, 7.32606732873867297E-013
        455, 7.31853398343004863E-013
        456, 7.84697990491627456E-013
        457, 7.42856453977680030E-013
        458, 7.91375576992789245E-013
        459, 7.18799752271948572E-013
        460, 7.48257842239992547E-013
        461, 6.60868659064571923E-013
        462, 7.59223910659422675E-013
        463, 7.52973887616718389E-013
        464, 7.16210146006619208E-013
        465, 7.74561748310373016E-013
        466, 8.03270952630376300E-013
        467, 7.37679913694429814E-013
        468, 7.42399563178155015E-013
        469, 8.48509528639423660E-013
        470, 7.51910172857473445E-013
        471, 8.50729530336940009E-013
        472, 8.21712257510569161E-013
        473, 8.32605185527780056E-013
        474, 7.60974561603191768E-013
        475, 7.97948727974060966E-013
        476, 8.46725797072960582E-013
        477, 8.10302385738367682E-013
        478, 8.52119878296860846E-013
        479, 7.55450912912614793E-013
        480, 8.09740598670122871E-013
        481, 8.90055146742795971E-013
        482, 9.71449714957097703E-013
        483, 7.96870483663039622E-013
        484, 9.34091408932167180E-013
        485, 8.90316735131001600E-013
        486, 1.01127802830086825E-012
        487, 9.06409209347116299E-013
        488, 7.79559040690283669E-013
        489, 8.42271400319365332E-013
        490, 8.88590629082248415E-013
        491, 8.06472305466616959E-013
        492, 9.45592830900034576E-013
        493, 9.74985320415720612E-013
        494, 9.25256753814484001E-013
        495, 9.44686151233817114E-013
        496, 1.10251404984732664E-012
        497, 9.71227211708207914E-013
        498, 9.45458641081938746E-013
        499, 1.00088181386325556E-012
        500, 1.19946445774027671E-012
        501, 1.00821371807756126E-012
        502, 1.08580307175746617E-012
        503, 1.05832020697484892E-012
        504, 1.09758960514569767E-012
        505, 1.24560229424704263E-012
        506, 1.00136655733274391E-012
        507, 1.31733230631413065E-012
        508, 1.03826961889511523E-012
        509, 1.46720107052149155E-012
        510, 1.31498067240259765E-012
        511, 1.31006469010460904E-012
        512, 1.44541870211229432E-012
        513, 3.01974506916300800E-013
        514, 3.09315521498032962E-013
        515, 3.08431387987937377E-013
        516, 3.04177856124855002E-013
        517, 2.82993022752650359E-013
        518, 2.88041669035220606E-013
        519, 3.14479855603853455E-013
        520, 2.99232686537761013E-013
        521, 3.25175742042331064E-013
        522, 2.75008778044054599E-013
        523, 2.82004976043142359E-013
        524, 2.94140057067975733E-013
        525, 3.10462588602104067E-013
        526, 2.78753471187951663E-013
        527, 2.71981491759688055E-013
        528, 2.95092519562524458E-013
        529, 3.07664239692865241E-013
        530, 3.06189938374712191E-013
        531, 2.94151849320497301E-013
        532, 2.97217276716254178E-013
        533, 3.09475482436793271E-013
        534, 3.21159510976682317E-013
        535, 3.06827967113513636E-013
        536, 3.28473866274466960E-013
        537, 3.08844367971863082E-013
        538, 2.79748429829488447E-013
        539, 2.85660740939096786E-013
        540, 3.45128301051528103E-013
        541, 3.02710221530317420E-013
        542, 3.11692712010352454E-013
        543, 2.96203308865472275E-013
        544, 2.99020351546328854E-013
        545, 3.27428212540015445E-013
        546, 3.13835470075395336E-013
        547, 3.08018124356748845E-013
        548, 3.13239645326575079E-013
        549, 3.06900792741340574E-013
        550, 3.16288489623668026E-013
        551, 3.05927883458429184E-013
        552, 3.03257215921241247E-013
        553, 2.98302938808461829E-013
        554, 3.10538379096856471E-013
        555, 3.31033382139206069E-013
        556, 3.36585797406257081E-013
        557, 3.40373402086245922E-013
        558, 3.37519186253387871E-013
        559, 3.30500023037279605E-013
        560, 3.00877882647272607E-013
        561, 3.20912142513095200E-013
        562, 3.26161408132478897E-013
        563, 3.03675235995324187E-013
        564, 3.21783135570710336E-013
        565, 3.09656292922868811E-013
        566, 3.25745248463860408E-013
        567, 3.53364579287443002E-013
        568, 3.27780380211292998E-013
        569, 3.16378001520398474E-013
        570, 3.13339188012173475E-013
        571, 3.05014563424357662E-013
        572, 3.35666205097430348E-013
        573, 3.20066745393792869E-013
        574, 2.99538164210451637E-013
        575, 3.01354393685490803E-013
        576, 3.53381589264011035E-013
        577, 2.90554366904643566E-013
        578, 2.96267692561411627E-013
        579, 3.11616455655627375E-013
        580, 3.53072666472663130E-013
        581, 3.14606015123595699E-013
        582, 3.19089625648843716E-013
        583, 3.20240649413114627E-013
        584, 3.02320468677728614E-013
        585, 3.20762920243231710E-013
        586, 3.43040289007765257E-013
        587, 3.54933020567718450E-013
        588, 3.41224774424727755E-013
        589, 3.17651787695891491E-013
        590, 3.64981747167973322E-013
        591, 3.47977146616621388E-013
        592, 3.10849231102207597E-013
        593, 3.33693667965847534E-013
        594, 3.40945897842425673E-013
        595, 3.24476843629663439E-013
        596, 3.40264253172746797E-013
        597, 3.47277729812548678E-013
        598, 3.15923800500432258E-013
        599, 3.39290198163001219E-013
        600, 3.22218997786234149E-013
        601, 3.08683742957596207E-013
        602, 3.22605678300579490E-013
        603, 3.49166086237962228E-013
        604, 3.39065945210280712E-013
        605, 3.39838506435530785E-013
        606, 3.56914753964783059E-013
        607, 3.24700207324186000E-013
        608, 3.17199561267086844E-013
        609, 3.41422909060342279E-013
        610, 3.43626265018385791E-013
        611, 3.52563538157645580E-013
        612, 3.07196013073202201E-013
        613, 3.40093657800993798E-013
        614, 3.37390339944485451E-013
        615, 3.39360635253402593E-013
        616, 3.48988013092704418E-013
        617, 3.49418300472991071E-013
        618, 3.62168356792460917E-013
        619, 3.58523547886017766E-013
        620, 3.29767523813952201E-013
        621, 3.67905506089784017E-013
        622, 3.18764707474977936E-013
        623, 3.73321114479227176E-013
        624, 3.54371167533666908E-013
        625, 3.49455876461966355E-013
        626, 3.50506758530253598E-013
        627, 3.48691453557904279E-013
        628, 3.47035198054923068E-013
        629, 3.51009761788677685E-013
        630, 3.13654140178673353E-013
        631, 3.57180823918346562E-013
        632, 3.10094006804397393E-013
        633, 3.36219482426606925E-013
        634, 3.25522005216100881E-013
        635, 3.59533193330583795E-013
        636, 3.77543820199514377E-013
        637, 3.15766565760772643E-013
        638, 3.57422200713662557E-013
        639, 3.43466345816333783E-013
        640, 3.85187890005517090E-013
        641, 3.84726897778469640E-013
        642, 3.99858610006101578E-013
        643, 4.02279792217963723E-013
        644, 3.79403236073676506E-013
        645, 3.35045878939337618E-013
        646, 3.28119847811236765E-013
        647, 3.64041870893502596E-013
        648, 3.76926342608874911E-013
        649, 3.79763777820056262E-013
        650, 3.53500859120248162E-013
        651, 3.97530181702067157E-013
        652, 3.23280225880866866E-013
        653, 3.63038782615792512E-013
        654, 3.35740793387914707E-013
        655, 3.74810049510177633E-013
        656, 3.84969168137929765E-013
        657, 3.90527836395072360E-013
        658, 3.52915869184937375E-013
        659, 3.90014316977290848E-013
        660, 4.18427942001146506E-013
        661, 4.46758195361328420E-013
        662, 3.53837840229609283E-013
        663, 3.74654835769712732E-013
        664, 3.73059146146481870E-013
        665, 3.60097309363702211E-013
        666, 3.93310427597063093E-013
        667, 3.75914361821659850E-013
        668, 3.86443368705670302E-013
        669, 3.58675986432092309E-013
        670, 3.46976708531172954E-013
        671, 3.89632187402474504E-013
        672, 3.71833560942121516E-013
        673, 3.72524535614343905E-013
        674, 3.54155094242383523E-013
        675, 3.47458452799800012E-013
        676, 3.70135733949885446E-013
        677, 3.71113216079446545E-013
        678, 3.75194861566769592E-013
        679, 4.14341447197278893E-013
        680, 3.91153847877925194E-013
        681, 4.05812323858741972E-013
        682, 3.69708843799566401E-013
        683, 3.56719125776296907E-013
        684, 4.05139932083936835E-013
        685, 3.88209443925861305E-013
        686, 3.56897460106059309E-013
        687, 3.96621625458413973E-013
        688, 3.80546435066615475E-013
        689, 3.81236340490283416E-013
        690, 4.10525606290697858E-013
        691, 3.68823347655015718E-013
        692, 3.96801004963604659E-013
        693, 4.31149064619232135E-013
        694, 3.83551786308963657E-013
        695, 4.02898622758966877E-013
        696, 3.89912119995024520E-013
        697, 4.38903844111869834E-013
        698, 3.95714250640915096E-013
        699, 4.34364114733305441E-013
        700, 3.65732632919222912E-013
        701, 3.88543825038417567E-013
        702, 4.45046646448238963E-013
        703, 4.25166680774041767E-013
        704, 3.90076586275669537E-013
        705, 4.19311530294178598E-013
        706, 4.22499285669043196E-013
        707, 4.22379509515104911E-013
        708, 4.03976982447015857E-013
        709, 4.36025955281930041E-013
        710, 4.38288542068892943E-013
        711, 4.39301566998988550E-013
        712, 3.90325770988447819E-013
        713, 3.93287997339833639E-013
        714, 4.07126209546511978E-013
        715, 4.14675755095127506E-013
        716, 4.51556440771429155E-013
        717, 4.11136856985496856E-013
        718, 4.30993808251129121E-013
        719, 4.31034306363661850E-013
        720, 4.52207398746797756E-013
        721, 4.15357521116463052E-013
        722, 3.84266337486982703E-013
        723, 4.13654810666394089E-013
        724, 3.91309659418492748E-013
        725, 4.40839574897558220E-013
        726, 3.91458388883366838E-013
        727, 4.10975636581876713E-013
        728, 4.25356245232698700E-013
        729, 4.17461607672228252E-013
        730, 4.19858649340894237E-013
        731, 4.43279302042961736E-013
        732, 4.08103025611547720E-013
        733, 4.09155172616533881E-013
        734, 4.54825344132138086E-013
        735, 4.17529684111338864E-013
        736, 4.13745561617756686E-013
        737, 4.15466326650213957E-013
        738, 4.29371302321056137E-013
        739, 4.04811964531765652E-013
        740, 4.07183745087211250E-013
        741, 4.62977233461981558E-013
        742, 4.05698310910348708E-013
        743, 4.45656117844281075E-013
        744, 4.28937620118448929E-013
        745, 4.03760475459293963E-013
        746, 4.66616018023662528E-013
        747, 4.19968168784576321E-013
        748, 4.43762397217285701E-013
        749, 4.03054042716095821E-013
        750, 4.62501940628943959E-013
        751, 4.37357724335425421E-013
        752, 4.49727048250323786E-013
        753, 4.10204545580740938E-013
        754, 4.17831107211343391E-013
        755, 4.80059891327412568E-013
        756, 4.11950155508744809E-013
        757, 4.23110929687989304E-013
        758, 4.60162250653252981E-013
        759, 4.67224806044904697E-013
        760, 3.99681339813040678E-013
        761, 4.21510301331040194E-013
        762, 4.48469526525750377E-013
        763, 4.77012405244761369E-013
        764, 4.52850693470343867E-013
        765, 4.42820057940706794E-013
        766, 4.61784022265936318E-013
        767, 4.78917451253826564E-013
        768, 4.64543966752393179E-013
        769, 4.52649756510279221E-013
        770, 4.83404936566114969E-013
        771, 4.45907176210630122E-013
        772, 4.92229077796272736E-013
        773, 4.94770147824160173E-013
        774, 4.21839933109817721E-013
        775, 4.01284871400085912E-013
        776, 4.22892573358453966E-013
        777, 4.56435151344792868E-013
        778, 4.51474451670333311E-013
        779, 4.83491729447200530E-013
        780, 4.55852065417781161E-013
        781, 4.05472204122737083E-013
        782, 4.72908059027279849E-013
        783, 4.82820396588352013E-013
        784, 4.54512102296955302E-013
        785, 4.81062526580778113E-013
        786, 4.52646801199574573E-013
        787, 4.57602839374938055E-013
        788, 4.19895523533247366E-013
        789, 5.02270378435134928E-013
        790, 4.28242938418097708E-013
        791, 4.62786154211046029E-013
        792, 4.49074027643059985E-013
        793, 5.05771299836380825E-013
        794, 4.66611764759227330E-013
        795, 4.69104265387384219E-013
        796, 4.69333592978499725E-013
        797, 5.01405603856896179E-013
        798, 5.36197640302110299E-013
        799, 4.40806960052403850E-013
        800, 4.63709543511151284E-013
        801, 4.71962159286324335E-013
        802, 5.16873406894046082E-013
        803, 4.77121218661254776E-013
        804, 4.90730248277042271E-013
        805, 4.93252922351641940E-013
        806, 4.58645835387301441E-013
        807, 4.92214234505455834E-013
        808, 4.70037143203223974E-013
        809, 4.64692322402878394E-013
        810, 4.68227429628809754E-013
        811, 4.57881059596103368E-013
        812, 5.25322193598091372E-013
        813, 5.25983078529019574E-013
        814, 4.62595820370925819E-013
        815, 4.56557513935835600E-013
        816, 4.93997867854656148E-013
        817, 5.08150528802428522E-013
        818, 5.15097254210113265E-013
        819, 5.06013566976014162E-013
        820, 4.91704701801935620E-013
        821, 4.80974945904189599E-013
        822, 4.87330327493744458E-013
        823, 4.83733515149069144E-013
        824, 4.99866475709982645E-013
        825, 4.61873796376895605E-013
        826, 4.48203954069704791E-013
        827, 5.24959067811844691E-013
        828, 5.48576007505393990E-013
        829, 4.68845624439863688E-013
        830, 4.83097073439989931E-013
        831, 5.06810531514950981E-013
        832, 5.18227708341617755E-013
        833, 5.33391169901589176E-013
        834, 5.15592659571557730E-013
        835, 5.00153764456419065E-013
        836, 5.56764039860164948E-013
        837, 5.05768326872938973E-013
        838, 5.24299092572168498E-013
        839, 4.87728183981714943E-013
        840, 5.01510918619900177E-013
        841, 5.08599038276091025E-013
        842, 5.26569781635755580E-013
        843, 5.12299157409384168E-013
        844, 5.09797393205917629E-013
        845, 4.83160498854483411E-013
        846, 5.33838859370239090E-013
        847, 6.00927322118421638E-013
        848, 5.37868723296196235E-013
        849, 5.23351276617037341E-013
        850, 5.37593139887572856E-013
        851, 5.00043494916136201E-013
        852, 5.35761487590973996E-013
        853, 5.29796825770495223E-013
        854, 4.80675527898420237E-013
        855, 5.40345884150892782E-013
        856, 4.65730971928003507E-013
        857, 5.04698866004184976E-013
        858, 4.65643387230040196E-013
        859, 5.61194673312894184E-013
        860, 5.46156177059270053E-013
        861, 5.64013871316954041E-013
        862, 4.79108040741976733E-013
        863, 5.17127426659458066E-013
        864, 5.01052137772445135E-013
        865, 5.29743574363998544E-013
        866, 5.90850030057459678E-013
        867, 5.59674090168275957E-013
        868, 5.10205558432512677E-013
        869, 5.24076167227255342E-013
        870, 5.55120314223022810E-013
        871, 5.07305961603602766E-013
        872, 5.19822171590648124E-013
        873, 5.19801081938135494E-013
        874, 5.00284341626162329E-013
        875, 5.18129567980369921E-013
        876, 5.63217859535829047E-013
        877, 5.67503242927946766E-013
        878, 5.18024784013095540E-013
        879, 5.51733432753526349E-013
        880, 5.77895301454071036E-013
        881, 5.54386131986352316E-013
        882, 5.96086917239616241E-013
        883, 5.30305145004160211E-013
        884, 5.48352690064299801E-013
        885, 5.64708289130513993E-013
        886, 5.99416796222778642E-013
        887, 5.64489982084774216E-013
        888, 5.58298883984896106E-013
        889, 5.48411844566259584E-013
        890, 5.28731192177013872E-013
        891, 5.37039470403074610E-013
        892, 5.10005779120582500E-013
        893, 5.68829389153661333E-013
        894, 5.90885342759747432E-013
        895, 5.67220657857656273E-013
        896, 5.61575605354102715E-013
        897, 5.70289849347314714E-013
        898, 5.61390145500656657E-013
        899, 5.75644139473426077E-013
        900, 5.90100727972005712E-013
        901, 6.13621722583089272E-013
        902, 6.27747158502967257E-013
        903, 6.42502904288012708E-013
        904, 6.77801174567821325E-013
        905, 6.14888431453555620E-013
        906, 6.68864261174793425E-013
        907, 6.13028263288111546E-013
        908, 6.25923319264194048E-013
        909, 5.77656156441133840E-013
        910, 6.89352297186030007E-013
        911, 5.80280093627786065E-013
        912, 5.65161310168019160E-013
        913, 5.22480020270158463E-013
        914, 6.87852155007983640E-013
        915, 6.31740044724664550E-013
        916, 5.54635003092207712E-013
        917, 6.24113961414868605E-013
        918, 6.44495992903651395E-013
        919, 6.26094909014705912E-013
        920, 6.40362728397414213E-013
        921, 6.90524622849115448E-013
        922, 7.18353905735754472E-013
        923, 7.37615551954642931E-013
        924, 7.54721611683567445E-013
        925, 6.81834301618189938E-013
        926, 7.05902458532595263E-013
        927, 6.98071861550121641E-013
        928, 7.30841138164474524E-013
        929, 6.93455166644902277E-013
        930, 6.93318852107613853E-013
        931, 6.51263057938950987E-013
        932, 6.54075597452971308E-013
        933, 7.07990803593340590E-013
        934, 7.26578562819946633E-013
        935, 6.25052428899722332E-013
        936, 6.88782184569352576E-013
        937, 6.75584241038635805E-013
        938, 7.00328803015164734E-013
        939, 7.41841977307562012E-013
        940, 7.01355613634801776E-013
        941, 7.82082974217758293E-013
        942, 7.62028522538552221E-013
        943, 7.13521786954234365E-013
        944, 6.90182191746664328E-013
        945, 7.13831062652966219E-013
        946, 6.85560577861265285E-013
        947, 7.03455857695660532E-013
        948, 7.43550313518405722E-013
        949, 6.70428530428518838E-013
        950, 7.85991767253915400E-013
        951, 6.80771954644554870E-013
        952, 6.59871561345938640E-013
        953, 7.24520605623300799E-013
        954, 7.17144171623829714E-013
        955, 7.33066709250815718E-013
        956, 7.29785377505660352E-013
        957, 7.14037387526612316E-013
        958, 8.04971507938312701E-013
        959, 7.45574978811451834E-013
        960, 7.30139611908073043E-013
        961, 7.71359986428120995E-013
        962, 7.95968433831805067E-013
        963, 7.55800394512059623E-013
        964, 7.48313302517886142E-013
        965, 6.86899716833054642E-013
        966, 7.83825338457129998E-013
        967, 7.19444631185603262E-013
        968, 7.69121232867620716E-013
        969, 8.07654888131784730E-013
        970, 7.35343873953237155E-013
        971, 8.19810606692941752E-013
        972, 7.88666527802651821E-013
        973, 8.23820779578775038E-013
        974, 7.31656793486460379E-013
        975, 7.70684423205172696E-013
        976, 7.90329191376680755E-013
        977, 7.47110495068163921E-013
        978, 8.62548869235859910E-013
        979, 8.35328242473096204E-013
        980, 8.13431058137046669E-013
        981, 7.75825989201828632E-013
        982, 7.38635886003682193E-013
        983, 7.95958857886362493E-013
        984, 8.80306073694145828E-013
        985, 8.55578737035272376E-013
        986, 8.42796341161703611E-013
        987, 8.32030578517269676E-013
        988, 8.20197633316584164E-013
        989, 7.63637350386153144E-013
        990, 9.10209392572064787E-013
        991, 8.51154037403584154E-013
        992, 8.01438219021612759E-013
        993, 9.10755351394259765E-013
        994, 8.95458119743616711E-013
        995, 8.66832999869226267E-013
        996, 8.92721512235958760E-013
        997, 8.56351526003160312E-013
        998, 9.41933190157554834E-013
        999, 9.32437597237301816E-013
       1000, 8.91122310043267185E-013
       1001, 8.51875815392526916E-013
       1002, 9.32798936108146861E-013
       1003, 8.40820019491394406E-013
       1004, 8.80290315728701669E-013
       1005, 8.94092117663100923E-013
       1006, 9.28938970372601093E-013
       1007, 9.86782961322492702E-013
       1008, 1.05616240914197164E-012
       1009, 1.00947936862468587E-012
       1010, 1.05806327251492599E-012
       1011, 1.06347946938636112E-012
       1012, 9.34172173386303396E-013
       1013, 1.17396975084386392E-012
       1014, 1.08896467536613194E-012
       1015, 1.13655612075984264E-012
       1016, 1.01335606444958492E-012
       1017, 1.11144060233304828E-012
       1018, 1.17178816530088682E-012
       1019, 1.16531183031005065E-012
       1020, 1.12053011039314729E-012
       1021, 1.25315490588125029E-012
       1022, 1.21419083786829609E-012
       1023, 1.39021892356331985E-012
       1024, 1.50426872475934162E-012
      -1024, 1.50426872475934162E-012
          0, 6.17419402284360201E-014
