         0, 2147483647,  1009, 5.92706794675678526E+303
         1,    2098158,  1009, 2.28306843616864263E-001
         2,    2098123,  1009, 3.62306397853223106E-001
         3,    2098075,  1009, 8.00000000000000044E-001
         4,    2098071,  1009, 7.25047905564470629E-001
         5,    2097854,  1009, 8.42240540108596669E-002
         6,    2097243,  1009, 4.23242998548688850E-003
         7,    2096594,  1009, 2.49141162715327586E-005
         8,    2096210,  1009, 8.74470843382680097E-008
         9,    2031647,  1009, 9.37761652510930153E-011
        10,     653144,  1009, 3.16164852512592196E-014
        11,     159873,  1009, 2.53786638163799416E-015
        12,      18688,  1009, 2.31299049916501287E-015
        13,        245,  1009, 2.08418000382183690E-015
        14,          5,  1009, 2.01451609862971524E-015
        15,          0,  1009, 0.00000000000000000E+000
"j", "||(G*V)j - (U*Σ)j||_F / Σj"
          1, 7.94976893923960097E-013
          2, 7.42774006874612406E-013
          3, 7.86145336517752580E-013
          4, 8.38663954503641129E-013
          5, 7.35125696228742386E-013
          6, 8.11176267555880119E-013
          7, 7.56984460090706131E-013
          8, 7.32888707783820836E-013
          9, 7.61400435968192082E-013
         10, 8.18786129996175012E-013
         11, 7.66166792358043470E-013
         12, 8.30808218896385576E-013
         13, 7.70912886475831398E-013
         14, 7.81117138379544186E-013
         15, 8.06785909284173206E-013
         16, 7.75008720605242233E-013
         17, 7.66162124353558910E-013
         18, 7.44237784907846083E-013
         19, 7.80523999244483376E-013
         20, 7.88391706795505128E-013
         21, 8.16425951295942483E-013
         22, 7.72091564058146436E-013
         23, 8.02931212436935643E-013
         24, 7.99760486317518855E-013
         25, 8.09833970510823230E-013
         26, 8.14179586753173476E-013
         27, 8.23715640858312548E-013
         28, 7.64883022877989204E-013
         29, 7.38966877208813002E-013
         30, 7.47227703743319451E-013
         31, 7.63448080259159448E-013
         32, 7.66933396960085893E-013
         33, 7.63613079990019019E-013
         34, 7.71838712377718063E-013
         35, 8.41980169715500831E-013
         36, 7.56683609807077698E-013
         37, 7.94451222705545690E-013
         38, 7.80440305691017888E-013
         39, 8.30004184553856088E-013
         40, 7.94840138659701112E-013
         41, 8.14166332854918459E-013
         42, 8.14903342494576920E-013
         43, 8.30596721259066433E-013
         44, 7.99713630854250025E-013
         45, 7.36407364171554588E-013
         46, 7.57583485328699241E-013
         47, 7.65715477597219801E-013
         48, 7.85306103978397134E-013
         49, 8.02463567169710149E-013
         50, 8.54410639775905824E-013
         51, 8.01556137543142297E-013
         52, 7.79746590232498594E-013
         53, 7.93708959471255735E-013
         54, 8.53742556161035490E-013
         55, 8.30238206764270141E-013
         56, 8.26415329029780752E-013
         57, 8.32873184213996629E-013
         58, 8.29291397182418355E-013
         59, 7.82651564847188900E-013
         60, 7.93629707603196552E-013
         61, 8.12496851429376904E-013
         62, 8.59417036422920666E-013
         63, 8.35153267310054147E-013
         64, 8.46029465082897891E-013
         65, 8.37724379718739440E-013
         66, 8.78887838534905605E-013
         67, 8.06448777541690815E-013
         68, 7.44295241416178514E-013
         69, 8.11775190074019508E-013
         70, 8.01103335067492340E-013
         71, 8.35203049782715202E-013
         72, 8.45023551970787493E-013
         73, 8.70254046279052988E-013
         74, 7.73926714327234133E-013
         75, 8.55983897245375654E-013
         76, 8.25556304234331248E-013
         77, 7.79778245788107832E-013
         78, 8.05479188333191255E-013
         79, 8.45101074260761367E-013
         80, 8.54307600824007650E-013
         81, 8.27146757008540687E-013
         82, 8.49272370095105667E-013
         83, 9.29658873415644443E-013
         84, 8.56033571195127088E-013
         85, 8.26092881857402111E-013
         86, 8.18903018585437001E-013
         87, 8.20176718080251860E-013
         88, 8.09353777819398708E-013
         89, 8.56916838255937804E-013
         90, 8.60791017941641576E-013
         91, 8.58489580680013661E-013
         92, 7.77937018975871007E-013
         93, 8.26586459517537589E-013
         94, 7.44810149852120887E-013
         95, 8.84039848355083247E-013
         96, 8.47651186845878968E-013
         97, 9.10606776998199214E-013
         98, 8.71677222557536480E-013
         99, 8.35426219908777695E-013
        100, 8.61978563042874240E-013
        101, 8.77355303517074850E-013
        102, 8.13904560078520748E-013
        103, 8.10090770350976949E-013
        104, 9.09326012433369394E-013
        105, 8.70853162730338174E-013
        106, 8.59835039534781975E-013
        107, 7.99769678072487511E-013
        108, 7.86279921363655376E-013
        109, 8.73235995328107767E-013
        110, 7.94147216070300053E-013
        111, 8.03234462002043282E-013
        112, 8.67616572362957027E-013
        113, 8.18714060446828743E-013
        114, 8.28158907872880149E-013
        115, 8.58876868382601129E-013
        116, 8.16161813745703472E-013
        117, 8.35476399542323080E-013
        118, 8.40205437187265248E-013
        119, 8.42436671638395538E-013
        120, 8.70813672715566258E-013
        121, 9.11607758154862965E-013
        122, 8.40010051779946367E-013
        123, 8.05335223651666470E-013
        124, 8.14541890841848509E-013
        125, 8.64207364613089019E-013
        126, 8.64056063006806760E-013
        127, 8.47750310845976611E-013
        128, 8.97364273866317940E-013
        129, 7.99779690884466802E-013
        130, 8.63666910144384121E-013
        131, 8.76999903367565003E-013
        132, 7.95439666003838421E-013
        133, 8.87465928907345168E-013
        134, 8.12013944548652923E-013
        135, 8.61207995608224770E-013
        136, 8.12200295921534174E-013
        137, 8.29713976911617504E-013
        138, 8.31214799351855920E-013
        139, 8.90490923202828449E-013
        140, 8.24526424350737615E-013
        141, 8.50650087825198571E-013
        142, 9.07376987409401604E-013
        143, 8.44496958533782912E-013
        144, 8.69423055695464350E-013
        145, 8.95555438230821406E-013
        146, 8.88148154100332428E-013
        147, 8.96429953735017451E-013
        148, 8.40809391816503368E-013
        149, 8.38562981365088488E-013
        150, 8.52247003528088601E-013
        151, 8.04156914847324426E-013
        152, 8.85010257768945366E-013
        153, 8.27485734198725411E-013
        154, 8.69958826044266136E-013
        155, 7.94875563624906770E-013
        156, 8.27170915502930297E-013
        157, 8.58222818577631861E-013
        158, 8.57519795521128540E-013
        159, 8.74963208752240309E-013
        160, 8.72639724897021313E-013
        161, 8.72853891265427106E-013
        162, 8.73347323390305397E-013
        163, 9.06566685423842245E-013
        164, 8.66213269464848405E-013
        165, 9.41285510090270158E-013
        166, 9.09367810479248090E-013
        167, 8.27130950920817694E-013
        168, 8.71455550149750953E-013
        169, 9.14339782573972641E-013
        170, 8.31240291333910715E-013
        171, 8.41508666226572102E-013
        172, 9.10651811028001806E-013
        173, 8.46627603890851843E-013
        174, 9.06921763844860315E-013
        175, 8.69120272715295436E-013
        176, 9.39929337583366554E-013
        177, 9.83826043489917732E-013
        178, 9.21710121273535577E-013
        179, 9.06122166838300201E-013
        180, 8.76641827374070994E-013
        181, 8.91043486813927799E-013
        182, 8.40991185005232474E-013
        183, 8.18641237418422080E-013
        184, 9.77270474075583263E-013
        185, 8.94105281285241222E-013
        186, 9.23780004238124419E-013
        187, 8.90223349840135969E-013
        188, 8.96955286445755939E-013
        189, 8.88656387905198449E-013
        190, 9.19416953676099483E-013
        191, 9.20379565681994697E-013
        192, 8.49976319836867034E-013
        193, 8.30701634432702733E-013
        194, 8.08640396431074120E-013
        195, 8.76994007355253524E-013
        196, 8.54904533917006508E-013
        197, 8.64924793946518156E-013
        198, 8.64305380727591054E-013
        199, 8.63762558225080624E-013
        200, 8.91805340308388795E-013
        201, 8.85233579777466243E-013
        202, 8.90623549926169410E-013
        203, 8.44765782767710455E-013
        204, 9.10351533594538563E-013
        205, 8.97459823009607854E-013
        206, 8.96133529416460224E-013
        207, 8.53214047698229563E-013
        208, 8.81728317534224495E-013
        209, 9.28197238256800229E-013
        210, 9.11377159879428688E-013
        211, 9.20461379777603856E-013
        212, 9.05233975936207544E-013
        213, 8.96198707195458876E-013
        214, 9.79705903008811245E-013
        215, 8.44028954161234650E-013
        216, 9.03774192497057745E-013
        217, 8.68394637841902312E-013
        218, 9.20975436656783646E-013
        219, 8.60939947907301749E-013
        220, 9.10755423243079722E-013
        221, 9.62106209382046343E-013
        222, 9.18003630814392070E-013
        223, 9.59030215191213468E-013
        224, 9.03864834139942080E-013
        225, 9.96632443646538974E-013
        226, 8.54422851374647998E-013
        227, 9.13139835258808648E-013
        228, 9.28967489484680730E-013
        229, 8.81149873491539788E-013
        230, 9.17601631389456452E-013
        231, 8.84452551914922200E-013
        232, 9.00586101498003160E-013
        233, 9.57943556363755195E-013
        234, 9.47024080528788444E-013
        235, 8.55939918381915976E-013
        236, 9.82395586585015672E-013
        237, 9.07482101211643081E-013
        238, 9.01460881536314939E-013
        239, 8.96596355894987908E-013
        240, 9.92574339564895406E-013
        241, 9.09843539191566087E-013
        242, 8.66783510090333389E-013
        243, 9.53064300610328064E-013
        244, 9.06432094529213430E-013
        245, 8.50456717290831707E-013
        246, 9.12590439259599866E-013
        247, 9.25453068626414061E-013
        248, 9.37392488856606627E-013
        249, 8.88186123978564583E-013
        250, 9.22154538859015799E-013
        251, 8.70930609825272166E-013
        252, 9.92802944430090142E-013
        253, 9.02691328253347920E-013
        254, 9.82971484523218558E-013
        255, 8.83872306661595831E-013
        256, 9.76245656076356818E-013
        257, 9.42178644128192746E-013
        258, 9.29452132048173009E-013
        259, 8.79762648920949550E-013
        260, 8.80097153661416256E-013
        261, 9.19459193084636535E-013
        262, 9.26842282365545570E-013
        263, 9.25368499988085920E-013
        264, 9.41583513825767282E-013
        265, 8.75973750943977461E-013
        266, 9.79939790702854885E-013
        267, 1.00408678957260783E-012
        268, 9.84101894123418631E-013
        269, 9.86900897848643662E-013
        270, 9.18723602760692479E-013
        271, 8.86750984415631608E-013
        272, 9.44019032894908522E-013
        273, 9.53683113005251865E-013
        274, 9.25298689623280700E-013
        275, 9.35848645957849382E-013
        276, 9.13319095302251546E-013
        277, 9.64621895557266719E-013
        278, 9.54840197100431366E-013
        279, 9.87275240300436611E-013
        280, 9.19898677980225311E-013
        281, 9.00772122317732288E-013
        282, 9.73374666490613097E-013
        283, 9.59520964816214853E-013
        284, 9.39995173961562058E-013
        285, 9.55542921177549980E-013
        286, 8.64161512595202097E-013
        287, 9.91060286998299594E-013
        288, 8.78837292552049382E-013
        289, 8.93111318117969764E-013
        290, 9.52019319496083618E-013
        291, 9.42283475164862676E-013
        292, 8.96686178249997779E-013
        293, 9.25566985895451508E-013
        294, 9.55143487386321333E-013
        295, 8.71338645706499471E-013
        296, 9.53246230494175073E-013
        297, 1.05350646029716229E-012
        298, 9.67803495670134369E-013
        299, 9.12046913593764173E-013
        300, 9.02212785931216873E-013
        301, 9.30430300345985534E-013
        302, 9.64873895687561465E-013
        303, 9.23053874607598124E-013
        304, 8.96510543152734900E-013
        305, 9.64509137731197389E-013
        306, 9.58924094931447223E-013
        307, 9.86042513746159047E-013
        308, 1.03546202146285824E-012
        309, 9.36982493215820995E-013
        310, 9.78666012457456976E-013
        311, 9.33349055843955007E-013
        312, 9.34303690255695741E-013
        313, 8.91997121892862931E-013
        314, 8.93608495509087930E-013
        315, 9.42050085046803295E-013
        316, 9.03618144119725075E-013
        317, 1.01430353223500959E-012
        318, 9.63390251841262180E-013
        319, 9.60313861704794465E-013
        320, 9.92390471060253698E-013
        321, 9.63796929953065859E-013
        322, 9.96921959756212705E-013
        323, 9.78299872615053622E-013
        324, 9.75502154196107779E-013
        325, 9.50873169265766073E-013
        326, 9.69935058078068930E-013
        327, 9.64799817152178655E-013
        328, 1.02917088159310532E-012
        329, 9.79827860112899988E-013
        330, 1.05110461157837547E-012
        331, 9.70640946257201129E-013
        332, 9.59530455162017088E-013
        333, 9.22318692352039022E-013
        334, 9.54327593982048454E-013
        335, 9.72175558088331225E-013
        336, 9.25721692552719461E-013
        337, 9.91558000179420770E-013
        338, 1.00173893008161377E-012
        339, 1.05783083865640579E-012
        340, 1.03166062289292523E-012
        341, 9.61945911481037097E-013
        342, 9.07947071236050848E-013
        343, 1.05393765352238618E-012
        344, 1.03279781519752034E-012
        345, 9.94018519053504797E-013
        346, 9.59514310790214729E-013
        347, 1.00606541512976807E-012
        348, 9.46481839054848199E-013
        349, 9.36395638574575101E-013
        350, 9.25390672288521282E-013
        351, 9.81983954371637905E-013
        352, 1.02883399053399251E-012
        353, 1.01662346214550640E-012
        354, 9.35935257366856634E-013
        355, 1.05859207383581197E-012
        356, 9.62647494017644132E-013
        357, 9.98663420492497423E-013
        358, 9.18211565661403800E-013
        359, 1.00736302770580471E-012
        360, 1.01726665995468958E-012
        361, 1.04293791126470714E-012
        362, 1.03639444517577880E-012
        363, 1.06457742216760214E-012
        364, 9.71794617021581960E-013
        365, 9.51526860175708400E-013
        366, 9.67594635816497997E-013
        367, 1.02137423929644357E-012
        368, 1.03244498408846284E-012
        369, 9.96320589692126644E-013
        370, 1.07751728796321073E-012
        371, 9.87669820523868293E-013
        372, 9.47330016659677609E-013
        373, 9.53960888019217407E-013
        374, 1.01493758542723920E-012
        375, 9.78414932952253778E-013
        376, 1.02078663829158985E-012
        377, 9.29855618853700230E-013
        378, 1.02706589469576151E-012
        379, 1.07029443373883380E-012
        380, 9.85420506820784859E-013
        381, 1.01209617600065318E-012
        382, 1.04619801633655737E-012
        383, 1.05116091774414137E-012
        384, 1.04985312801256372E-012
        385, 1.00612566925620747E-012
        386, 1.06326046168615800E-012
        387, 1.06592899393137985E-012
        388, 9.86867635336077407E-013
        389, 1.05993689001369611E-012
        390, 1.01074924202536667E-012
        391, 1.01379329790493947E-012
        392, 1.01556901845319051E-012
        393, 1.10586057958349908E-012
        394, 1.05756571679863010E-012
        395, 1.02731889264182484E-012
        396, 1.04944330892100367E-012
        397, 1.02776532614119653E-012
        398, 1.11860189834888347E-012
        399, 1.01569787693896426E-012
        400, 1.17517387048997961E-012
        401, 1.10385494298026968E-012
        402, 1.05554760397096667E-012
        403, 1.03161540433885672E-012
        404, 1.09276579033565833E-012
        405, 1.04562805230139109E-012
        406, 1.03649996616501803E-012
        407, 1.01807368315427542E-012
        408, 1.07658369720355070E-012
        409, 1.05867078337225204E-012
        410, 1.05600987286880832E-012
        411, 9.89070600486240118E-013
        412, 1.07402702535411642E-012
        413, 1.07008092801223732E-012
        414, 1.02028109160039265E-012
        415, 1.03261122541694637E-012
        416, 1.07882897184586881E-012
        417, 1.01505459224792122E-012
        418, 1.00659361432872985E-012
        419, 1.09487912862131410E-012
        420, 1.05128244282387451E-012
        421, 1.09273567130214014E-012
        422, 1.12640073776515940E-012
        423, 1.09904130232428571E-012
        424, 1.06769106706666108E-012
        425, 1.08005513654492705E-012
        426, 1.02136363918416263E-012
        427, 9.59088928221321096E-013
        428, 1.02610808325295147E-012
        429, 1.03487151578083345E-012
        430, 1.12237437987611712E-012
        431, 1.11318586317507961E-012
        432, 1.07154207758420925E-012
        433, 1.02364099582054156E-012
        434, 1.03077877037352378E-012
        435, 1.02339389136715273E-012
        436, 1.04531314149365093E-012
        437, 1.08565178614519382E-012
        438, 1.12597682378214114E-012
        439, 1.09629691279836110E-012
        440, 1.05920520466605227E-012
        441, 1.06414861225368382E-012
        442, 1.12347580101131127E-012
        443, 1.06630067793986714E-012
        444, 1.12172697675229608E-012
        445, 1.02329964602947014E-012
        446, 1.02002275088888908E-012
        447, 1.12015910480170493E-012
        448, 1.21096568590369366E-012
        449, 1.04193937931099610E-012
        450, 1.06707768664322972E-012
        451, 1.05528015506843753E-012
        452, 1.07632287298436930E-012
        453, 1.08420960894185135E-012
        454, 1.10638384705272880E-012
        455, 1.05670297415719649E-012
        456, 1.11046866652376743E-012
        457, 1.03924827181504612E-012
        458, 1.19189629022381556E-012
        459, 1.26761431490932807E-012
        460, 1.10644759074377930E-012
        461, 1.00669434226876197E-012
        462, 1.08577886005522367E-012
        463, 1.07486645977361010E-012
        464, 1.10980249101748720E-012
        465, 1.14755612774133087E-012
        466, 1.13351264955387823E-012
        467, 1.16023446984636181E-012
        468, 1.02072653367518274E-012
        469, 1.07766149696710809E-012
        470, 1.12950820716185805E-012
        471, 1.08619557758827442E-012
        472, 1.19520214299796077E-012
        473, 1.14473336412369418E-012
        474, 1.17328118807353435E-012
        475, 1.21264744095269290E-012
        476, 1.18305026202157077E-012
        477, 1.13873740012225649E-012
        478, 1.20381429357085436E-012
        479, 1.12921807639602784E-012
        480, 1.13679020768428914E-012
        481, 1.20109625441804259E-012
        482, 1.09689218679341492E-012
        483, 1.16506488278802853E-012
        484, 1.08736329672707493E-012
        485, 1.20572600236322640E-012
        486, 1.13906288695546539E-012
        487, 1.11898460371841149E-012
        488, 1.19334076289970704E-012
        489, 1.18199381137778680E-012
        490, 1.23675390396504138E-012
        491, 1.13643552806861207E-012
        492, 1.12888740473278553E-012
        493, 1.18723365064296518E-012
        494, 1.11328699073367365E-012
        495, 1.14510995636398041E-012
        496, 1.14541659643937342E-012
        497, 1.30251344628007028E-012
        498, 1.18203319232076659E-012
        499, 1.13239057721991195E-012
        500, 1.20025158827502034E-012
        501, 1.19512692712730216E-012
        502, 1.08299047090555198E-012
        503, 1.14754168297094799E-012
        504, 1.13067326749254929E-012
        505, 1.27119473022414202E-012
        506, 1.20160523632384110E-012
        507, 1.20513292892594318E-012
        508, 1.15010631591534749E-012
        509, 1.12902040375020627E-012
        510, 1.23430909391304414E-012
        511, 1.14162264661756240E-012
        512, 1.06091182622858779E-012
        513, 1.09980595261754461E-012
        514, 1.21837019889329909E-012
        515, 1.17461051989806497E-012
        516, 1.21502849751632505E-012
        517, 1.24394054981476118E-012
        518, 1.19900850321056089E-012
        519, 1.20808922767055777E-012
        520, 1.20032483281119641E-012
        521, 1.25086006002576791E-012
        522, 1.19528128092245936E-012
        523, 1.23016947643424263E-012
        524, 1.31732491000996269E-012
        525, 1.19506316044899312E-012
        526, 1.28698663681082852E-012
        527, 1.15513121364722887E-012
        528, 1.16430351990781235E-012
        529, 1.23635438463717272E-012
        530, 1.28796309246361486E-012
        531, 1.30356603624998146E-012
        532, 1.26426660792982862E-012
        533, 1.12822494430011877E-012
        534, 1.19170113155359276E-012
        535, 1.29761576683658146E-012
        536, 1.36236005555061182E-012
        537, 1.24814351179986894E-012
        538, 1.27982121596254956E-012
        539, 1.28458176852305280E-012
        540, 1.29920301668638297E-012
        541, 1.14768996271381923E-012
        542, 1.15201519362364819E-012
        543, 1.20427590759639241E-012
        544, 1.20690043918137029E-012
        545, 1.23622378971386866E-012
        546, 1.20135235657006566E-012
        547, 1.19948744797563127E-012
        548, 1.25053925377905118E-012
        549, 1.26067389368215902E-012
        550, 1.31088580290102528E-012
        551, 1.20854937068553475E-012
        552, 1.25412931138715030E-012
        553, 1.25761431069042891E-012
        554, 1.08848379045536768E-012
        555, 1.28980324136173456E-012
        556, 1.22766311281811559E-012
        557, 1.16147597343465512E-012
        558, 1.29700056332978630E-012
        559, 1.19513014951946548E-012
        560, 1.26079423900831532E-012
        561, 1.25623920275240093E-012
        562, 1.28271094431656806E-012
        563, 1.16180914615620740E-012
        564, 1.26887632297603792E-012
        565, 1.25836033530326870E-012
        566, 1.25845335359166171E-012
        567, 1.35071231777945595E-012
        568, 1.31429329068340088E-012
        569, 1.26504023016362949E-012
        570, 1.22364457729028019E-012
        571, 1.25026943578601327E-012
        572, 1.14381760671126093E-012
        573, 1.24032419534887036E-012
        574, 1.22573517764707553E-012
        575, 1.22755719889858505E-012
        576, 1.19562976667900480E-012
        577, 1.20124553040029447E-012
        578, 1.25630102535217880E-012
        579, 1.28721083651224316E-012
        580, 1.39253081081812269E-012
        581, 1.28849853095001533E-012
        582, 1.14897019768218178E-012
        583, 1.19008818180617858E-012
        584, 1.35287589980068930E-012
        585, 1.26393466799056915E-012
        586, 1.18001437762898904E-012
        587, 1.33328067598142429E-012
        588, 1.27505636718658557E-012
        589, 1.19629267810996007E-012
        590, 1.23546390251362629E-012
        591, 1.27660024696023522E-012
        592, 1.35000415789911590E-012
        593, 1.27171328688563394E-012
        594, 1.29861619298519761E-012
        595, 1.25807609797134055E-012
        596, 1.25218771383952694E-012
        597, 1.26927228381961093E-012
        598, 1.25848676259221869E-012
        599, 1.22138451560227482E-012
        600, 1.37552949053685993E-012
        601, 1.26451174930931513E-012
        602, 1.33072918106651096E-012
        603, 1.32754527933300775E-012
        604, 1.25991527540953684E-012
        605, 1.23311473786055875E-012
        606, 1.28454536588251658E-012
        607, 1.17706571479968600E-012
        608, 1.25082520004273035E-012
        609, 1.22392626618078417E-012
        610, 1.21869715387951001E-012
        611, 1.28822730048500987E-012
        612, 1.33800115801422702E-012
        613, 1.25729804373376717E-012
        614, 1.30575101017283109E-012
        615, 1.30040045979997349E-012
        616, 1.30914470078311921E-012
        617, 1.22167273986794481E-012
        618, 1.24703298954091680E-012
        619, 1.33984106807293922E-012
        620, 1.46869039694367760E-012
        621, 1.25216865777839928E-012
        622, 1.22169188046569232E-012
        623, 1.34841430594791789E-012
        624, 1.23104491062570222E-012
        625, 1.22799550612958469E-012
        626, 1.23726772188821231E-012
        627, 1.36564035163729984E-012
        628, 1.28957362407878878E-012
        629, 1.23941889488267638E-012
        630, 1.25229257935338712E-012
        631, 1.33659810440353809E-012
        632, 1.24630904478780331E-012
        633, 1.32374110840010636E-012
        634, 1.24336789932931584E-012
        635, 1.29774340031671427E-012
        636, 1.27040417233221500E-012
        637, 1.40380164089624332E-012
        638, 1.26453750239451920E-012
        639, 1.28700017816639808E-012
        640, 1.32130496146909574E-012
        641, 1.43830381827778895E-012
        642, 1.18416482126179212E-012
        643, 1.34841991665614654E-012
        644, 1.35980678218471914E-012
        645, 1.34957233705910063E-012
        646, 1.35528993277581172E-012
        647, 1.37234233475895844E-012
        648, 1.34095221840056640E-012
        649, 1.34410361215651705E-012
        650, 1.31247642312464567E-012
        651, 1.37757006477296590E-012
        652, 1.35061920117920018E-012
        653, 1.31048274405386554E-012
        654, 1.35201690782640365E-012
        655, 1.25043240091196110E-012
        656, 1.24554041185682184E-012
        657, 1.34621493471168947E-012
        658, 1.38273731553257992E-012
        659, 1.25677812724693087E-012
        660, 1.36230317821847795E-012
        661, 1.35687670821604967E-012
        662, 1.24256989745447300E-012
        663, 1.31374432331840148E-012
        664, 1.27208473777818177E-012
        665, 1.35858504624478595E-012
        666, 1.30536177816087383E-012
        667, 1.32494559816453591E-012
        668, 1.43170569485964957E-012
        669, 1.36241317307925942E-012
        670, 1.34708519135259645E-012
        671, 1.33966837057346085E-012
        672, 1.41713814308224885E-012
        673, 1.24817183967081634E-012
        674, 1.35269322967356199E-012
        675, 1.31977409730159799E-012
        676, 1.31026171632517244E-012
        677, 1.40275328355045323E-012
        678, 1.31382553280520023E-012
        679, 1.36108840459655087E-012
        680, 1.45517006485663937E-012
        681, 1.43409407143041408E-012
        682, 1.49560124933069671E-012
        683, 1.36131951220362965E-012
        684, 1.38926268768328838E-012
        685, 1.23351992556480657E-012
        686, 1.31218457715321655E-012
        687, 1.31439898658538518E-012
        688, 1.35709405786446909E-012
        689, 1.37352910837147855E-012
        690, 1.29243976757205095E-012
        691, 1.28112104075995524E-012
        692, 1.37204862916457045E-012
        693, 1.31733893801030027E-012
        694, 1.38374102541323377E-012
        695, 1.45023281666196246E-012
        696, 1.40228921920842591E-012
        697, 1.33204260820472971E-012
        698, 1.37951886093706597E-012
        699, 1.44159452363756679E-012
        700, 1.35402183818469428E-012
        701, 1.40865890771575269E-012
        702, 1.37760285992660834E-012
        703, 1.38141979081344750E-012
        704, 1.42599622993612581E-012
        705, 1.49936220550988868E-012
        706, 1.36559005368759103E-012
        707, 1.51430746063597937E-012
        708, 1.30130785960638188E-012
        709, 1.42697626163986778E-012
        710, 1.49550220619477812E-012
        711, 1.41501163847854293E-012
        712, 1.38104075765165853E-012
        713, 1.46029295657999308E-012
        714, 1.34346051654463663E-012
        715, 1.39952161065259691E-012
        716, 1.35405211512409648E-012
        717, 1.43142769571716593E-012
        718, 1.34564022459201481E-012
        719, 1.36666211224711574E-012
        720, 1.49113779755186122E-012
        721, 1.38942434094770962E-012
        722, 1.35874188988793109E-012
        723, 1.34715184281667413E-012
        724, 1.44210969312909697E-012
        725, 1.39267954444129299E-012
        726, 1.38062065375901385E-012
        727, 1.46324107339717292E-012
        728, 1.31457795977792740E-012
        729, 1.41130229747908163E-012
        730, 1.45719087955096868E-012
        731, 1.45227483905306896E-012
        732, 1.41903306964323330E-012
        733, 1.37962398513434020E-012
        734, 1.34288717418134073E-012
        735, 1.41528974932446504E-012
        736, 1.39811143161680917E-012
        737, 1.51809903826999611E-012
        738, 1.35553969566868756E-012
        739, 1.43724410514129908E-012
        740, 1.50947214631518245E-012
        741, 1.48412249344485675E-012
        742, 1.48993521704808869E-012
        743, 1.41682278781661227E-012
        744, 1.42874471942288066E-012
        745, 1.59986965315340730E-012
        746, 1.46109303747631057E-012
        747, 1.45990290886928491E-012
        748, 1.59175278281158750E-012
        749, 1.48991210855597362E-012
        750, 1.40417991691166554E-012
        751, 1.38215585776847386E-012
        752, 1.52312725144035532E-012
        753, 1.41420420411198568E-012
        754, 1.51146296027059093E-012
        755, 1.39606997866683522E-012
        756, 1.38650314025382178E-012
        757, 1.48393922955125031E-012
        758, 1.37101228259331257E-012
        759, 1.48242295804871186E-012
        760, 1.48911555459798711E-012
        761, 1.36653950491147563E-012
        762, 1.44298220898352157E-012
        763, 1.53016553088029386E-012
        764, 1.48747563097545070E-012
        765, 1.43465308740709174E-012
        766, 1.51266085462923514E-012
        767, 1.42225947725446697E-012
        768, 1.47778832057879955E-012
        769, 1.41822230445137261E-012
        770, 1.48776459759927947E-012
        771, 1.57853652356112545E-012
        772, 1.48174316210571264E-012
        773, 1.43970322471942205E-012
        774, 1.37199281634813620E-012
        775, 1.42394523807626406E-012
        776, 1.46052579412730587E-012
        777, 1.48963888786455528E-012
        778, 1.48619563947899001E-012
        779, 1.52579168527089110E-012
        780, 1.49784157693895771E-012
        781, 1.48688949104463114E-012
        782, 1.43052754482992807E-012
        783, 1.62779082892691793E-012
        784, 1.48530013541622099E-012
        785, 1.43807168100745121E-012
        786, 1.63874976115135706E-012
        787, 1.47928604909588229E-012
        788, 1.59199402169907525E-012
        789, 1.52616167355921716E-012
        790, 1.45070954239422848E-012
        791, 1.46787063932961552E-012
        792, 1.53668973813814080E-012
        793, 1.48723191385837295E-012
        794, 1.59767928664198278E-012
        795, 1.49933324627623815E-012
        796, 1.53687246297612231E-012
        797, 1.54165201949632932E-012
        798, 1.57742732791471785E-012
        799, 1.60207619682785525E-012
        800, 1.66738693192754278E-012
        801, 1.52915027367133040E-012
        802, 1.44183334851520781E-012
        803, 1.51754615441971480E-012
        804, 1.53365721118694545E-012
        805, 1.55617394835002316E-012
        806, 1.44989995388660169E-012
        807, 1.63635443420314800E-012
        808, 1.73950384405361851E-012
        809, 1.59592715317527840E-012
        810, 1.66362411668169373E-012
        811, 1.54603500196858937E-012
        812, 1.68830016314329537E-012
        813, 1.55712181613898397E-012
        814, 1.75900019886413460E-012
        815, 1.55987804169438135E-012
        816, 1.56916635667401790E-012
        817, 1.67333917301891732E-012
        818, 1.61077821832982346E-012
        819, 1.64716123623361448E-012
        820, 1.57966419455081055E-012
        821, 1.57962140841395183E-012
        822, 1.64063771360151726E-012
        823, 1.64852638864404246E-012
        824, 1.63623451906048088E-012
        825, 1.59959657058490209E-012
        826, 1.61513371563475858E-012
        827, 1.63411551515687418E-012
        828, 1.73375405694984577E-012
        829, 1.74931608458687993E-012
        830, 1.61787417764962776E-012
        831, 1.69214427497305922E-012
        832, 1.62635938778769568E-012
        833, 1.67056268396985228E-012
        834, 1.56118223749309003E-012
        835, 1.63798803411285720E-012
        836, 1.62252040360527888E-012
        837, 1.72638331247548493E-012
        838, 1.57543081971669903E-012
        839, 1.83412891902190934E-012
        840, 1.62394735894310323E-012
        841, 1.58958324428808365E-012
        842, 1.69921069734633491E-012
        843, 1.62862112789969055E-012
        844, 1.67016247515415310E-012
        845, 1.72245396840511442E-012
        846, 1.82476325312325209E-012
        847, 1.77762422454538072E-012
        848, 1.68859095297215841E-012
        849, 1.73294407905339040E-012
        850, 1.80479677705848550E-012
        851, 1.85071496356555235E-012
        852, 1.83135985432958803E-012
        853, 1.86401021442176026E-012
        854, 1.76471252088952679E-012
        855, 1.71780419960649569E-012
        856, 1.69869629438822488E-012
        857, 1.63247859059735470E-012
        858, 1.69923052271415031E-012
        859, 1.77360220332014676E-012
        860, 1.67583778677092005E-012
        861, 1.73745328173398114E-012
        862, 1.83969804475874939E-012
        863, 1.97755863595204208E-012
        864, 1.86420149940027359E-012
        865, 1.96951824914734529E-012
        866, 1.94956791177014049E-012
        867, 1.89050023425958155E-012
        868, 1.90913464558621294E-012
        869, 1.84281019867503843E-012
        870, 1.74359804172898354E-012
        871, 1.85263788316207389E-012
        872, 1.88192319607651186E-012
        873, 1.95683971174212909E-012
        874, 1.66347837176197702E-012
        875, 1.93138366901846907E-012
        876, 1.91600481266559916E-012
        877, 1.98185328612733251E-012
        878, 1.96100339402472813E-012
        879, 1.94954437293012985E-012
        880, 1.90140071076842256E-012
        881, 1.94787790106055094E-012
        882, 2.09727564994743247E-012
        883, 1.84693005367976194E-012
        884, 1.75308442919646271E-012
        885, 1.93250812692377405E-012
        886, 1.89809164615295845E-012
        887, 2.09335402242751279E-012
        888, 1.93148298615966274E-012
        889, 1.76608057157117986E-012
        890, 1.94709504542619530E-012
        891, 2.03067915112036192E-012
        892, 2.07933787134942728E-012
        893, 1.93464736209612031E-012
        894, 2.12466976322941087E-012
        895, 2.03067458747974952E-012
        896, 2.12001182231720348E-012
        897, 1.90511425414907189E-012
        898, 1.84247009971818948E-012
        899, 2.10465919001606853E-012
        900, 2.12593682666568075E-012
        901, 2.03018926142645228E-012
        902, 2.15569200747407809E-012
        903, 2.10654411982663755E-012
        904, 2.00396867162077377E-012
        905, 1.98421925971655802E-012
        906, 2.06743150497588141E-012
        907, 2.06077198509567379E-012
        908, 2.21632598902161834E-012
        909, 2.29312718814547708E-012
        910, 2.28351169151708632E-012
        911, 2.19026065010436730E-012
        912, 2.26627950581733994E-012
        913, 2.17533931273119204E-012
        914, 2.17016585243052549E-012
        915, 2.13726166669889104E-012
        916, 2.11872503925341183E-012
        917, 2.15970359639444273E-012
        918, 2.35585089075403686E-012
        919, 2.23044963795810765E-012
        920, 2.17637630512275412E-012
        921, 2.36277336602480840E-012
        922, 2.55317031739947709E-012
        923, 2.71264087028237100E-012
        924, 2.35803588270237786E-012
        925, 2.24146151477549923E-012
        926, 2.15588917482503468E-012
        927, 2.31807487832358790E-012
        928, 2.33889667754137284E-012
        929, 2.54227877584958764E-012
        930, 2.45918444935824736E-012
        931, 2.12766783016612331E-012
        932, 2.37912105327993457E-012
        933, 2.45456242655671209E-012
        934, 2.50390502763719107E-012
        935, 2.37420428688084337E-012
        936, 2.48542611351944156E-012
        937, 2.36224006099165461E-012
        938, 2.26400081871759245E-012
        939, 2.63780770369410050E-012
        940, 2.64359831242543904E-012
        941, 2.54066877725674745E-012
        942, 2.78931561621905731E-012
        943, 2.71049569972632212E-012
        944, 2.37623175131360771E-012
        945, 2.69967800376891449E-012
        946, 2.47713407769685144E-012
        947, 2.63126996306774149E-012
        948, 2.43223621251564088E-012
        949, 2.55233564185750014E-012
        950, 2.74907780284111880E-012
        951, 2.48819133991019760E-012
        952, 2.44777421309610822E-012
        953, 2.71509167871503984E-012
        954, 2.56662492434969855E-012
        955, 2.85849954090484759E-012
        956, 2.86381543848791618E-012
        957, 2.79812867441236891E-012
        958, 2.70969221534174547E-012
        959, 3.01977580645391949E-012
        960, 3.05226773390836783E-012
        961, 2.73245012809369124E-012
        962, 2.94186429984620076E-012
        963, 3.01915767988980277E-012
        964, 2.86889292464510718E-012
        965, 2.84849962153024311E-012
        966, 2.73179594551397479E-012
        967, 3.15871018319709822E-012
        968, 3.06763425367731053E-012
        969, 2.72556300021763056E-012
        970, 2.84063563315040788E-012
        971, 2.98927578590067411E-012
        972, 2.81380361328972812E-012
        973, 2.93986265062918907E-012
        974, 2.88584276836467230E-012
        975, 3.03845677953767425E-012
        976, 2.79641446354568105E-012
        977, 3.19183905737447966E-012
        978, 2.94829807308645252E-012
        979, 3.39008288038258387E-012
        980, 3.20130661333857846E-012
        981, 3.52401118396270178E-012
        982, 2.89074892898252827E-012
        983, 2.79346177839768386E-012
        984, 3.17852691151074775E-012
        985, 2.91710756761088090E-012
        986, 3.00174177440421782E-012
        987, 2.85276059180556474E-012
        988, 3.02212150198127499E-012
        989, 3.31382470563198360E-012
        990, 2.88346737395094650E-012
        991, 3.01856386849990633E-012
        992, 3.08069850016401959E-012
        993, 3.07924394937825298E-012
        994, 3.31153239629559148E-012
        995, 3.17963652848430040E-012
        996, 2.90614828786113695E-012
        997, 3.01458651713333829E-012
        998, 3.02957307278047625E-012
        999, 3.18089573746789492E-012
       1000, 3.40267094230602903E-012
       1001, 3.13341825840074855E-012
       1002, 3.28531417423690594E-012
       1003, 3.10569882826567080E-012
       1004, 3.47772640050411075E-012
       1005, 3.52723960611770542E-012
       1006, 3.03136729068294201E-012
       1007, 2.90637750893397850E-012
       1008, 3.03111456201924469E-012
       1009, 3.02864627972045914E-012
       1010, 3.58580388207884986E-012
       1011, 3.50891096258981492E-012
       1012, 3.39452460878893193E-012
       1013, 3.75659967446547753E-012
       1014, 3.40145246639780512E-012
       1015, 3.37990899533644791E-012
       1016, 3.67537629947301034E-012
       1017, 3.57451548944426321E-012
       1018, 3.66274112948762450E-012
       1019, 3.74950195490813437E-012
       1020, 3.34918236396043122E-012
       1021, 3.67557146409655339E-012
       1022, 3.69534200324987815E-012
       1023, 4.95284288356633672E-012
       1024, 3.65531074470337122E-012
       1025, 8.93432716106556455E-013
       1026, 8.86146378355439922E-013
       1027, 8.44382745458533428E-013
       1028, 9.23614370425838474E-013
       1029, 8.46608152441452059E-013
       1030, 8.88731153907317727E-013
       1031, 7.95423984464533047E-013
       1032, 8.81130144685841555E-013
       1033, 9.28333515139526823E-013
       1034, 9.05547446897955831E-013
       1035, 8.71099284855213469E-013
       1036, 8.80426933554986095E-013
       1037, 8.19517903708079863E-013
       1038, 9.41398720480464744E-013
       1039, 8.08817673150035654E-013
       1040, 9.22293601953261767E-013
       1041, 8.31570179184851475E-013
       1042, 9.52368429174609511E-013
       1043, 9.26128155744284633E-013
       1044, 8.97358911617090824E-013
       1045, 8.27874329291214056E-013
       1046, 9.38996409151033766E-013
       1047, 9.01080177912863953E-013
       1048, 9.57631872783194431E-013
       1049, 8.41687162434547919E-013
       1050, 8.55318287946348411E-013
       1051, 8.67736343337380264E-013
       1052, 8.94235496817789495E-013
       1053, 8.08505426860069330E-013
       1054, 9.06086052572268133E-013
       1055, 8.62169229406487460E-013
       1056, 8.79314993002352694E-013
       1057, 8.74753890885443256E-013
       1058, 7.87957839556408939E-013
       1059, 8.83455702608264651E-013
       1060, 7.87691982353690150E-013
       1061, 8.11956418576152786E-013
       1062, 8.21154879573629006E-013
       1063, 8.26470738989214124E-013
       1064, 8.36060876260672604E-013
       1065, 9.05629254197172105E-013
       1066, 9.24482495826524786E-013
       1067, 8.69414151674874740E-013
       1068, 1.03010377797784918E-012
       1069, 8.79407327855959262E-013
       1070, 8.48662538675692637E-013
       1071, 8.81275439946969635E-013
       1072, 8.50863774973054359E-013
       1073, 8.15189220967422963E-013
       1074, 9.06676888818654488E-013
       1075, 8.35768206238312900E-013
       1076, 8.09359547305864000E-013
       1077, 8.58793589469024052E-013
       1078, 8.10349985622499704E-013
       1079, 8.88727788780595673E-013
       1080, 7.97986864580971671E-013
       1081, 8.34763975392555707E-013
       1082, 8.97451562507615647E-013
       1083, 8.81671342862736193E-013
       1084, 8.79843484876353248E-013
       1085, 8.74412609978342529E-013
       1086, 8.90227287275028465E-013
       1087, 8.26679495275073035E-013
       1088, 8.15869420630567863E-013
       1089, 7.92480551276405304E-013
       1090, 8.55371950611327503E-013
       1091, 8.63891348530735522E-013
       1092, 8.67064211336244576E-013
       1093, 8.15113167849958285E-013
       1094, 8.30551074316852560E-013
       1095, 9.00758457434406424E-013
       1096, 8.39048433077047444E-013
       1097, 8.18090634077863601E-013
       1098, 8.46262365758471856E-013
       1099, 8.40425260206299526E-013
       1100, 8.95692868438084280E-013
       1101, 8.95527970256089969E-013
       1102, 8.97039827233594633E-013
       1103, 8.85529635883554239E-013
       1104, 8.40352155027766208E-013
       1105, 8.24832163793860391E-013
       1106, 8.22555589902096611E-013
       1107, 8.11972100887207170E-013
       1108, 8.42645438134477560E-013
       1109, 8.20118056772161934E-013
       1110, 8.50698812513679299E-013
       1111, 8.45172504921087752E-013
       1112, 7.90399699639683854E-013
       1113, 7.94141841526967190E-013
       1114, 8.67473561731543026E-013
       1115, 8.94877961221424398E-013
       1116, 9.38472121113312111E-013
       1117, 8.96031727272388085E-013
       1118, 7.88946894301290443E-013
       1119, 8.27947716598755073E-013
       1120, 8.05095013124560360E-013
       1121, 7.86622133281973873E-013
       1122, 8.65834056597218631E-013
       1123, 9.11301599396050796E-013
       1124, 8.41252698649022934E-013
       1125, 8.10776558766890718E-013
       1126, 8.62911888952952424E-013
       1127, 8.24816913360856868E-013
       1128, 8.64292156368234097E-013
       1129, 8.02302767057886449E-013
       1130, 9.32140939923310060E-013
       1131, 8.51462818633084907E-013
       1132, 9.13059870960578667E-013
       1133, 8.78013162120869077E-013
       1134, 8.99844839034018559E-013
       1135, 9.27193957947303402E-013
       1136, 7.81704970264025704E-013
       1137, 8.21178370596586820E-013
       1138, 8.03448264643667013E-013
       1139, 8.53926151231069799E-013
       1140, 8.29436220190082860E-013
       1141, 8.30325514482842999E-013
       1142, 8.39845353722126401E-013
       1143, 9.26956009777039200E-013
       1144, 8.22057806969151126E-013
       1145, 8.15020358221646179E-013
       1146, 8.78170789719929241E-013
       1147, 9.10115250477821252E-013
       1148, 8.87031127000646728E-013
       1149, 8.28135223932032093E-013
       1150, 8.80481663372770009E-013
       1151, 8.22751566637304379E-013
       1152, 8.65437311541100225E-013
       1153, 9.00011545071010267E-013
       1154, 8.16586046641262505E-013
       1155, 8.31553198541381348E-013
       1156, 7.94161894925021575E-013
       1157, 8.47719885875463000E-013
       1158, 8.32350914447444285E-013
       1159, 8.50677192986230033E-013
       1160, 8.44171329824615624E-013
       1161, 9.00690130069022514E-013
       1162, 8.76593271702506159E-013
       1163, 9.26209603743254320E-013
       1164, 9.46200310928016478E-013
       1165, 8.52962947255513197E-013
       1166, 8.72479354363134951E-013
       1167, 8.27707698876796669E-013
       1168, 8.58033819245730405E-013
       1169, 8.71563173794810660E-013
       1170, 8.77313291104240402E-013
       1171, 8.57820256435625429E-013
       1172, 8.93692308764903934E-013
       1173, 8.72877188163432884E-013
       1174, 8.46498475015090802E-013
       1175, 8.54139411743026643E-013
       1176, 8.24519653439008450E-013
       1177, 8.38590627807978409E-013
       1178, 8.24241365706903412E-013
       1179, 8.77297830887425662E-013
       1180, 8.82772626038133060E-013
       1181, 9.15338886077577896E-013
       1182, 8.76447546986254241E-013
       1183, 8.91223522341399434E-013
       1184, 8.42072703713705321E-013
       1185, 8.18362868124956600E-013
       1186, 8.46232843238760927E-013
       1187, 8.54808761748081981E-013
       1188, 8.95347676788417281E-013
       1189, 9.04848245525041568E-013
       1190, 9.57410290452051118E-013
       1191, 8.47769017004067064E-013
       1192, 8.87672104681325475E-013
       1193, 9.16986044887057345E-013
       1194, 7.92597211068439531E-013
       1195, 9.05483707422152706E-013
       1196, 8.90187366602159969E-013
       1197, 9.03900848876354505E-013
       1198, 8.61783698141941515E-013
       1199, 8.77890003863187621E-013
       1200, 8.78177985088622556E-013
       1201, 8.67897880829410320E-013
       1202, 8.91216002882094180E-013
       1203, 8.84887958438072768E-013
       1204, 9.26292432706190757E-013
       1205, 8.59890463989020976E-013
       1206, 8.80009124311664363E-013
       1207, 8.65650971303870165E-013
       1208, 9.28950594618815236E-013
       1209, 8.85125789961952316E-013
       1210, 9.42188206151429820E-013
       1211, 8.54207743252195359E-013
       1212, 8.70772106137461672E-013
       1213, 9.21964706439339069E-013
       1214, 8.90070064448379200E-013
       1215, 8.63022383242150156E-013
       1216, 9.19326264083240600E-013
       1217, 8.10523208340153330E-013
       1218, 8.95835469394567423E-013
       1219, 8.72346372080623085E-013
       1220, 8.76514140651994780E-013
       1221, 9.80497354964915143E-013
       1222, 8.90704679596807963E-013
       1223, 8.39200034122654194E-013
       1224, 8.41189573986461846E-013
       1225, 9.33755274854428279E-013
       1226, 8.28605603421453501E-013
       1227, 8.73498440223991556E-013
       1228, 8.39129270446382810E-013
       1229, 9.00010502508215388E-013
       1230, 8.68971567900045242E-013
       1231, 9.08394160331446170E-013
       1232, 8.74145643473533435E-013
       1233, 9.55384895757825954E-013
       1234, 9.09053275644543355E-013
       1235, 9.06080714765039348E-013
       1236, 8.59052090620115530E-013
       1237, 8.89417010448591831E-013
       1238, 8.89817323616514081E-013
       1239, 9.00492975236676380E-013
       1240, 8.85838547669141410E-013
       1241, 8.47992930697274603E-013
       1242, 9.56150191998282920E-013
       1243, 9.49934720360791334E-013
       1244, 8.37524381153831625E-013
       1245, 8.89767234417325932E-013
       1246, 8.62718680637343438E-013
       1247, 9.18103764986741248E-013
       1248, 8.92095830401793957E-013
       1249, 8.33139609097529876E-013
       1250, 8.60287863116013924E-013
       1251, 9.17391702763418135E-013
       1252, 9.15479960723338860E-013
       1253, 9.13853050562254546E-013
       1254, 9.14345022288926642E-013
       1255, 8.78423394521558924E-013
       1256, 8.89085355453805487E-013
       1257, 9.23124773363226802E-013
       1258, 8.59861401348344721E-013
       1259, 8.72170213835554215E-013
       1260, 8.70711692132959445E-013
       1261, 9.08546581079117275E-013
       1262, 9.59242766082459496E-013
       1263, 8.29011591189883001E-013
       1264, 9.19692063306633647E-013
       1265, 8.84502503697784253E-013
       1266, 9.39848099748818401E-013
       1267, 9.45556277114079505E-013
       1268, 8.97051378121178922E-013
       1269, 9.20536368910684840E-013
       1270, 8.16999874059226528E-013
       1271, 9.03390868266229949E-013
       1272, 9.17124930271992467E-013
       1273, 8.91223404567237319E-013
       1274, 8.57342988796594875E-013
       1275, 9.62101209339965086E-013
       1276, 8.71000865210718545E-013
       1277, 8.77395778798862973E-013
       1278, 8.90226800311917778E-013
       1279, 9.09558859894233409E-013
       1280, 8.95727108163344090E-013
       1281, 8.97843852729291357E-013
       1282, 9.09946759159394669E-013
       1283, 8.77315603572338132E-013
       1284, 9.34894453569539820E-013
       1285, 9.67219693585456911E-013
       1286, 1.00149466875510533E-012
       1287, 9.36343038683370081E-013
       1288, 9.31908152567801222E-013
       1289, 8.76295338386166150E-013
       1290, 9.14069570256777053E-013
       1291, 9.73508170795323731E-013
       1292, 9.01918673773984441E-013
       1293, 9.19688086057475164E-013
       1294, 9.10695117745488461E-013
       1295, 9.70177083827366494E-013
       1296, 9.68212692964028079E-013
       1297, 8.90414451873921318E-013
       1298, 8.86097240069164671E-013
       1299, 9.52404338483225065E-013
       1300, 9.42838592324299734E-013
       1301, 9.28809355259633767E-013
       1302, 9.16463873892351371E-013
       1303, 9.45014180101381787E-013
       1304, 9.68475696523374497E-013
       1305, 9.05985143954758891E-013
       1306, 9.29387655846398062E-013
       1307, 9.38023979157513306E-013
       1308, 8.79150424192156338E-013
       1309, 9.69850783043353416E-013
       1310, 1.00334652372500123E-012
       1311, 9.47623735834017747E-013
       1312, 9.38735845892240792E-013
       1313, 9.57675508364673550E-013
       1314, 8.53042720029798377E-013
       1315, 9.17766242254291944E-013
       1316, 9.62189417299042841E-013
       1317, 9.83721109601533899E-013
       1318, 9.22693664342532771E-013
       1319, 9.17793824491105862E-013
       1320, 9.13797201661617234E-013
       1321, 1.03847487575963504E-012
       1322, 1.03968636399825018E-012
       1323, 9.92118751102397398E-013
       1324, 9.37121703488218342E-013
       1325, 9.92296810098450224E-013
       1326, 8.93461431274909355E-013
       1327, 9.72495738463423994E-013
       1328, 9.43729832972016523E-013
       1329, 9.91106105220668622E-013
       1330, 8.76615878744887251E-013
       1331, 8.89702034247978196E-013
       1332, 9.76633646696156559E-013
       1333, 9.89658161887233241E-013
       1334, 9.98180823265306699E-013
       1335, 9.65334447112121470E-013
       1336, 8.94059259354653604E-013
       1337, 1.00025286499159982E-012
       1338, 9.81088082702351760E-013
       1339, 1.03414399817149884E-012
       1340, 9.04845901010535295E-013
       1341, 8.95729586415789496E-013
       1342, 9.46335832414263176E-013
       1343, 8.43273705241323238E-013
       1344, 9.07213931980421560E-013
       1345, 9.44418178519662276E-013
       1346, 1.03132680084197048E-012
       1347, 1.00923834934645189E-012
       1348, 9.46279267308488810E-013
       1349, 9.59687465790220214E-013
       1350, 8.79992118865390969E-013
       1351, 9.72028667560904936E-013
       1352, 9.88943510679394286E-013
       1353, 9.57029871049660389E-013
       1354, 9.31979663626642855E-013
       1355, 9.80970467121486632E-013
       1356, 9.77890302845406753E-013
       1357, 9.77302972702033882E-013
       1358, 9.48509766609844277E-013
       1359, 9.36339497923514676E-013
       1360, 9.31711663408447297E-013
       1361, 9.85478708562096452E-013
       1362, 9.27999578597908348E-013
       1363, 9.62018057154785808E-013
       1364, 9.09479959569778168E-013
       1365, 9.73975428096869338E-013
       1366, 9.88156443074659606E-013
       1367, 9.44650681393325407E-013
       1368, 9.48232592907695646E-013
       1369, 9.92871800068698015E-013
       1370, 9.09167763672113588E-013
       1371, 9.83789428843321104E-013
       1372, 9.57648193618219214E-013
       1373, 9.42024718729939614E-013
       1374, 1.00740284976258155E-012
       1375, 9.53348187121010860E-013
       1376, 9.91126114277104464E-013
       1377, 9.56710748745155397E-013
       1378, 1.03985333395811133E-012
       1379, 1.04916049951138327E-012
       1380, 9.48828735273964666E-013
       1381, 9.43380015277221720E-013
       1382, 9.13451925705929194E-013
       1383, 9.83978014457790781E-013
       1384, 9.89928825998372599E-013
       1385, 1.01084574560199847E-012
       1386, 9.74271373303029920E-013
       1387, 1.06823585367923144E-012
       1388, 9.72187413116324117E-013
       1389, 1.03338069216643338E-012
       1390, 9.97207291288205889E-013
       1391, 1.00282056031628669E-012
       1392, 9.47500914549776654E-013
       1393, 9.80958289336320072E-013
       1394, 1.02966709485512333E-012
       1395, 1.11591286843244088E-012
       1396, 1.05108440993932743E-012
       1397, 9.81079684885002100E-013
       1398, 9.63469452612926047E-013
       1399, 1.01831132711608238E-012
       1400, 1.06696805938656118E-012
       1401, 1.00938895592924033E-012
       1402, 1.08545152781698524E-012
       1403, 9.96088444800052837E-013
       1404, 9.84503678625905216E-013
       1405, 9.93620366213440930E-013
       1406, 9.82885715002704428E-013
       1407, 1.01107944001159948E-012
       1408, 9.27295292298262488E-013
       1409, 1.00146126696657778E-012
       1410, 9.89494612215101402E-013
       1411, 9.62605247390798869E-013
       1412, 9.95598731162294211E-013
       1413, 1.00702161987084347E-012
       1414, 1.05258685114085964E-012
       1415, 1.03174617974210300E-012
       1416, 1.04656233625971646E-012
       1417, 9.04129168639485692E-013
       1418, 1.11766444522991522E-012
       1419, 9.98084825565130241E-013
       1420, 1.05539033016324946E-012
       1421, 9.97712817507767993E-013
       1422, 1.02130725588689422E-012
       1423, 9.92818809568120242E-013
       1424, 1.05020134462992537E-012
       1425, 1.00261881730600796E-012
       1426, 9.81117974025018616E-013
       1427, 1.00612899452630709E-012
       1428, 1.04613321696382458E-012
       1429, 1.01709295096323683E-012
       1430, 1.03910448827149844E-012
       1431, 1.02425418437717892E-012
       1432, 1.03426835099135461E-012
       1433, 1.02285558262362168E-012
       1434, 1.00962055671686976E-012
       1435, 1.04652308210269642E-012
       1436, 1.09550371818643055E-012
       1437, 1.04449033580345208E-012
       1438, 1.09992686240612868E-012
       1439, 1.01645780155554286E-012
       1440, 1.05662259085650372E-012
       1441, 1.12083258470447109E-012
       1442, 1.03656251010165344E-012
       1443, 1.03730723550285942E-012
       1444, 1.09158501725851555E-012
       1445, 9.94418864155568944E-013
       1446, 1.10069811835109141E-012
       1447, 1.04939769820044802E-012
       1448, 1.03871743212513606E-012
       1449, 1.11361698049027856E-012
       1450, 1.06410183467564363E-012
       1451, 1.09644058775633921E-012
       1452, 9.64949526265879537E-013
       1453, 1.00272559309450984E-012
       1454, 1.01681776392514498E-012
       1455, 1.08743286840624242E-012
       1456, 1.01166643759604790E-012
       1457, 1.09047023822172764E-012
       1458, 1.07764693333717016E-012
       1459, 1.14038553762486126E-012
       1460, 1.06037462479656698E-012
       1461, 1.03030529627890155E-012
       1462, 1.03618347285430674E-012
       1463, 1.10300204832569841E-012
       1464, 1.03898711818147403E-012
       1465, 1.11680580246298113E-012
       1466, 1.02625228290800346E-012
       1467, 1.13013236710450139E-012
       1468, 1.08988851686073167E-012
       1469, 1.09829586130516659E-012
       1470, 1.13270219886358214E-012
       1471, 1.14107120784238932E-012
       1472, 1.12887748090116171E-012
       1473, 1.04776944656748639E-012
       1474, 1.06240070657943962E-012
       1475, 1.04596132242050923E-012
       1476, 1.11558940628776491E-012
       1477, 1.08837589297285483E-012
       1478, 1.08761130064672659E-012
       1479, 1.06140441770983636E-012
       1480, 1.10519866010215548E-012
       1481, 1.21409999409063851E-012
       1482, 1.15759064791325706E-012
       1483, 1.17685231314509778E-012
       1484, 1.12850186913019547E-012
       1485, 9.99550360815301203E-013
       1486, 1.01478016748360803E-012
       1487, 1.17950977907504789E-012
       1488, 1.15929399464062844E-012
       1489, 1.12946830800991406E-012
       1490, 1.10060782112232133E-012
       1491, 1.07370260287649114E-012
       1492, 1.17321729589964832E-012
       1493, 1.03524297234381525E-012
       1494, 1.07932005805739461E-012
       1495, 1.11162249056745075E-012
       1496, 1.06080962000115549E-012
       1497, 1.12530956521026912E-012
       1498, 1.08849551894975472E-012
       1499, 1.04865326550653621E-012
       1500, 1.11529153682039183E-012
       1501, 1.16175459890435950E-012
       1502, 1.11214732686608405E-012
       1503, 1.07209723953106391E-012
       1504, 1.14711068170663716E-012
       1505, 1.14421431519431678E-012
       1506, 1.12420084936563899E-012
       1507, 1.09713475271724541E-012
       1508, 1.11654842790173063E-012
       1509, 1.17010714870407952E-012
       1510, 1.26375111997678739E-012
       1511, 1.05034911584272223E-012
       1512, 1.18296490364595813E-012
       1513, 1.21221479361821805E-012
       1514, 1.15640640774327574E-012
       1515, 1.12535894195363044E-012
       1516, 1.18299919969021930E-012
       1517, 1.20442885330215114E-012
       1518, 1.18230841166932197E-012
       1519, 1.18942896172961567E-012
       1520, 1.11802966807640845E-012
       1521, 1.12300545647413069E-012
       1522, 1.12858675181083961E-012
       1523, 1.07780538775914602E-012
       1524, 1.25434593454222092E-012
       1525, 1.19155567371096902E-012
       1526, 1.27937177674978189E-012
       1527, 1.18224415053573252E-012
       1528, 1.12204779842531448E-012
       1529, 1.29676041879786264E-012
       1530, 1.27770271917117009E-012
       1531, 1.18235135799197924E-012
       1532, 1.23142448511213574E-012
       1533, 1.21800471088395702E-012
       1534, 1.21620893600032692E-012
       1535, 1.24905144108670909E-012
       1536, 1.09468791428697878E-012
       1537, 1.21148556611034508E-012
       1538, 1.18934996510310362E-012
       1539, 1.22907714938202744E-012
       1540, 1.19081994998092107E-012
       1541, 1.18879036261722158E-012
       1542, 1.18598136527296542E-012
       1543, 1.20463109538208926E-012
       1544, 1.22468148587158030E-012
       1545, 1.07842200012915984E-012
       1546, 1.23113056884059642E-012
       1547, 1.13567736055578140E-012
       1548, 1.28859978041771883E-012
       1549, 1.24144307472466030E-012
       1550, 1.17708160903201013E-012
       1551, 1.19773175494576982E-012
       1552, 1.15420432736836283E-012
       1553, 1.28234805887292729E-012
       1554, 1.26966297148713455E-012
       1555, 1.12034520407678391E-012
       1556, 1.18438830052622621E-012
       1557, 1.17223840929031986E-012
       1558, 1.22976026031793465E-012
       1559, 1.19622328570555970E-012
       1560, 1.21158755885438976E-012
       1561, 1.34473968545220676E-012
       1562, 1.31113309314605582E-012
       1563, 1.24696093977364799E-012
       1564, 1.40590063701248897E-012
       1565, 1.31581572133593370E-012
       1566, 1.27336458256192780E-012
       1567, 1.15642105790075507E-012
       1568, 1.28583123467200650E-012
       1569, 1.24855749122604340E-012
       1570, 1.32657998543545835E-012
       1571, 1.29263726717788475E-012
       1572, 1.17128049394016745E-012
       1573, 1.27124456649495414E-012
       1574, 1.16370142113787473E-012
       1575, 1.29322352151297189E-012
       1576, 1.27995418746935394E-012
       1577, 1.26862773862381102E-012
       1578, 1.26078170566743582E-012
       1579, 1.21921471013690221E-012
       1580, 1.31043581828493954E-012
       1581, 1.28313050215826032E-012
       1582, 1.22582358518047547E-012
       1583, 1.30773037725968773E-012
       1584, 1.23246003458413402E-012
       1585, 1.28501766451682282E-012
       1586, 1.23818207115849656E-012
       1587, 1.31010250574837824E-012
       1588, 1.31160601537704486E-012
       1589, 1.18112785341718328E-012
       1590, 1.20230260858426868E-012
       1591, 1.23485280863390639E-012
       1592, 1.18470664882146937E-012
       1593, 1.32461354990191910E-012
       1594, 1.21725785221085140E-012
       1595, 1.35198611091676637E-012
       1596, 1.27913566678957070E-012
       1597, 1.33851582807415641E-012
       1598, 1.25111010531736352E-012
       1599, 1.36954127928265509E-012
       1600, 1.24034873931082795E-012
       1601, 1.20032029031938498E-012
       1602, 1.30911249945621023E-012
       1603, 1.17707567642632736E-012
       1604, 1.20010493063731556E-012
       1605, 1.20683256950601974E-012
       1606, 1.35331933482965576E-012
       1607, 1.27787376329595761E-012
       1608, 1.26684136621235717E-012
       1609, 1.32270883792058101E-012
       1610, 1.27498570012260039E-012
       1611, 1.29745929011737596E-012
       1612, 1.30746583676688645E-012
       1613, 1.16085339091576296E-012
       1614, 1.33069246155689603E-012
       1615, 1.11696696140431476E-012
       1616, 1.32380856483880468E-012
       1617, 1.31992486818974495E-012
       1618, 1.31219905978730346E-012
       1619, 1.32846700262701655E-012
       1620, 1.21954725732202468E-012
       1621, 1.27825615405783370E-012
       1622, 1.29097382038027028E-012
       1623, 1.34085914724604929E-012
       1624, 1.25330196446193856E-012
       1625, 1.31355670763928298E-012
       1626, 1.34491178626444338E-012
       1627, 1.22695064723669543E-012
       1628, 1.35729192618233156E-012
       1629, 1.37245312724519483E-012
       1630, 1.25826511778150828E-012
       1631, 1.31789300425385594E-012
       1632, 1.36074445938674629E-012
       1633, 1.28817800143962195E-012
       1634, 1.26339752766405536E-012
       1635, 1.26093564619840431E-012
       1636, 1.34800617075232763E-012
       1637, 1.27261557726925808E-012
       1638, 1.38569151517574146E-012
       1639, 1.37598068544389693E-012
       1640, 1.31850272836907154E-012
       1641, 1.36369703421519373E-012
       1642, 1.41732245227646856E-012
       1643, 1.28876122277656492E-012
       1644, 1.30705915551975260E-012
       1645, 1.31862646569119110E-012
       1646, 1.37660202117961784E-012
       1647, 1.26710024852499931E-012
       1648, 1.25415941420866156E-012
       1649, 1.30514993146180883E-012
       1650, 1.32941143101787921E-012
       1651, 1.26867259857185265E-012
       1652, 1.26369654828703536E-012
       1653, 1.30510427181098428E-012
       1654, 1.36878158788471316E-012
       1655, 1.34078729151056787E-012
       1656, 1.26805575813063443E-012
       1657, 1.22465427668179196E-012
       1658, 1.31448197500912180E-012
       1659, 1.29330877494448355E-012
       1660, 1.29250375746060664E-012
       1661, 1.34142344021914656E-012
       1662, 1.31412987259279345E-012
       1663, 1.32378265758426834E-012
       1664, 1.38534835986671112E-012
       1665, 1.28243527153816779E-012
       1666, 1.40406332706290411E-012
       1667, 1.41227059212950465E-012
       1668, 1.31413335221121321E-012
       1669, 1.32363028076163835E-012
       1670, 1.34273499052186761E-012
       1671, 1.38075407648680028E-012
       1672, 1.34381799733878597E-012
       1673, 1.24781980965508850E-012
       1674, 1.30615316754718534E-012
       1675, 1.28789052610200893E-012
       1676, 1.21660246956226601E-012
       1677, 1.35515791981163004E-012
       1678, 1.25431667344147717E-012
       1679, 1.39368747529854238E-012
       1680, 1.36894482408776941E-012
       1681, 1.34215893240660549E-012
       1682, 1.30361562939948444E-012
       1683, 1.34702718079941230E-012
       1684, 1.36934721071192008E-012
       1685, 1.32664308888074625E-012
       1686, 1.15744031392017212E-012
       1687, 1.44505160024714495E-012
       1688, 1.34577162753782885E-012
       1689, 1.39423856699952377E-012
       1690, 1.38581014898701174E-012
       1691, 1.38669018836217194E-012
       1692, 1.29858578971832656E-012
       1693, 1.30472953306188740E-012
       1694, 1.39464240602474694E-012
       1695, 1.32079588710089811E-012
       1696, 1.44813277826992776E-012
       1697, 1.40075357135814521E-012
       1698, 1.35324354576791379E-012
       1699, 1.40476285399771260E-012
       1700, 1.32947378184387161E-012
       1701, 1.40667252191117950E-012
       1702, 1.34954450649923410E-012
       1703, 1.42705449611540095E-012
       1704, 1.32412125002468045E-012
       1705, 1.39490988655371618E-012
       1706, 1.26484718565051523E-012
       1707, 1.33077014446623226E-012
       1708, 1.35172805668667021E-012
       1709, 1.39534594812758903E-012
       1710, 1.43515309046731190E-012
       1711, 1.30638183126952718E-012
       1712, 1.26522650972493270E-012
       1713, 1.38783057420932144E-012
       1714, 1.33086027362981934E-012
       1715, 1.32974514643674148E-012
       1716, 1.31802812815245955E-012
       1717, 1.29391469024092452E-012
       1718, 1.41841393538550427E-012
       1719, 1.35521668990911493E-012
       1720, 1.50962413400229621E-012
       1721, 1.37470618390536137E-012
       1722, 1.38972078474870631E-012
       1723, 1.28619587733639643E-012
       1724, 1.53075459350960785E-012
       1725, 1.42577792339315382E-012
       1726, 1.32320676343114033E-012
       1727, 1.45512899489293046E-012
       1728, 1.41724581680591216E-012
       1729, 1.48663575438449748E-012
       1730, 1.31185587346484272E-012
       1731, 1.41967317374612744E-012
       1732, 1.41406096176909978E-012
       1733, 1.40394257366301183E-012
       1734, 1.45798687427096261E-012
       1735, 1.45709947911153740E-012
       1736, 1.38377154624263219E-012
       1737, 1.36362958171835697E-012
       1738, 1.37056984645274540E-012
       1739, 1.50367196341340381E-012
       1740, 1.36368898469668111E-012
       1741, 1.37949106819367421E-012
       1742, 1.41963291213359286E-012
       1743, 1.37355661156369144E-012
       1744, 1.48190090198365089E-012
       1745, 1.43953966624582536E-012
       1746, 1.40398321068537665E-012
       1747, 1.33739160775864813E-012
       1748, 1.41169729081690922E-012
       1749, 1.49661151933592649E-012
       1750, 1.43307521416970915E-012
       1751, 1.47993659518671812E-012
       1752, 1.45514655800624716E-012
       1753, 1.42097036292630049E-012
       1754, 1.40870342287903561E-012
       1755, 1.59858929667958045E-012
       1756, 1.34538893248870375E-012
       1757, 1.44003607074365426E-012
       1758, 1.39727677672302493E-012
       1759, 1.40317830847894693E-012
       1760, 1.50148020202998795E-012
       1761, 1.48739286148557125E-012
       1762, 1.48245114779282875E-012
       1763, 1.46445636577183468E-012
       1764, 1.46947808913791093E-012
       1765, 1.40271237663961894E-012
       1766, 1.49069144304592229E-012
       1767, 1.58539695580706230E-012
       1768, 1.52860950441434325E-012
       1769, 1.34747062299837768E-012
       1770, 1.49396570944002374E-012
       1771, 1.33583785594819708E-012
       1772, 1.38274062612944947E-012
       1773, 1.43846012221116095E-012
       1774, 1.51569228400775279E-012
       1775, 1.27374019763460524E-012
       1776, 1.49110898479796456E-012
       1777, 1.47582899328317328E-012
       1778, 1.43401032239926282E-012
       1779, 1.53022269011588947E-012
       1780, 1.37874619270131126E-012
       1781, 1.37126550321756648E-012
       1782, 1.40021195856507383E-012
       1783, 1.48063362646837604E-012
       1784, 1.62331043175770101E-012
       1785, 1.42410933263970896E-012
       1786, 1.45132191310179148E-012
       1787, 1.43363282829892981E-012
       1788, 1.46559256209372011E-012
       1789, 1.50484256082119933E-012
       1790, 1.49209030675641016E-012
       1791, 1.49615888482955031E-012
       1792, 1.46994324331500109E-012
       1793, 1.41013334839579456E-012
       1794, 1.60655641004939436E-012
       1795, 1.44305136588828706E-012
       1796, 1.54573365992980041E-012
       1797, 1.60444061888340926E-012
       1798, 1.35887537351462224E-012
       1799, 1.43813359192776403E-012
       1800, 1.59795253678811286E-012
       1801, 1.57957679529984383E-012
       1802, 1.55942444118801704E-012
       1803, 1.44277470960673610E-012
       1804, 1.53301357989855732E-012
       1805, 1.48741375569487211E-012
       1806, 1.51738344200590837E-012
       1807, 1.58925822940176956E-012
       1808, 1.70796528295314140E-012
       1809, 1.52241634977390000E-012
       1810, 1.61080710428139822E-012
       1811, 1.54140695641129341E-012
       1812, 1.54841029741985568E-012
       1813, 1.52707760353509046E-012
       1814, 1.51910203079947780E-012
       1815, 1.52592979285280350E-012
       1816, 1.44615688396669921E-012
       1817, 1.52718971219284711E-012
       1818, 1.55243025142153838E-012
       1819, 1.56255486350050971E-012
       1820, 1.46344804704988082E-012
       1821, 1.47138794474509553E-012
       1822, 1.54564152634086415E-012
       1823, 1.49083187730725623E-012
       1824, 1.62208090708150838E-012
       1825, 1.59694699132944744E-012
       1826, 1.52078319521204066E-012
       1827, 1.55750082489216708E-012
       1828, 1.56933437524004357E-012
       1829, 1.60572703319228790E-012
       1830, 1.53606971016137580E-012
       1831, 1.49214591758380774E-012
       1832, 1.67988794780186794E-012
       1833, 1.51180554545976259E-012
       1834, 1.58079791335472849E-012
       1835, 1.60072935642149035E-012
       1836, 1.59812848882424075E-012
       1837, 1.59534275456312965E-012
       1838, 1.58551772587991095E-012
       1839, 1.69587625236446377E-012
       1840, 1.56330348484322210E-012
       1841, 1.61545839305723174E-012
       1842, 1.57257570338169074E-012
       1843, 1.57921720529590816E-012
       1844, 1.54947382108563619E-012
       1845, 1.69992243415994413E-012
       1846, 1.60907399243855039E-012
       1847, 1.74971582146612181E-012
       1848, 1.58121139030810579E-012
       1849, 1.67478605462903813E-012
       1850, 1.69536012879655871E-012
       1851, 1.79035846632955339E-012
       1852, 1.51353626592083480E-012
       1853, 1.61046915349371406E-012
       1854, 1.68550459190725290E-012
       1855, 1.58513302560591572E-012
       1856, 1.70282088830094763E-012
       1857, 1.59029991685887362E-012
       1858, 1.83062548755154659E-012
       1859, 1.73474564604291170E-012
       1860, 1.67335806168228001E-012
       1861, 1.65614608311742034E-012
       1862, 1.70196098079947244E-012
       1863, 1.76431224473339826E-012
       1864, 1.70279667511193603E-012
       1865, 2.00244760997604178E-012
       1866, 1.72702563366334797E-012
       1867, 1.55139970503157777E-012
       1868, 1.70512358305025092E-012
       1869, 1.74811737262406478E-012
       1870, 1.73807948162048958E-012
       1871, 1.63993340796723241E-012
       1872, 1.64695630862759897E-012
       1873, 1.73640807653163090E-012
       1874, 1.70531940674217742E-012
       1875, 1.77202277587274092E-012
       1876, 1.83044446446427948E-012
       1877, 1.77978869159768340E-012
       1878, 1.71185982027500504E-012
       1879, 1.83019705671331539E-012
       1880, 1.77733850047682188E-012
       1881, 1.79759055384687324E-012
       1882, 1.96242022608409508E-012
       1883, 1.70642107193555385E-012
       1884, 1.74238696302388853E-012
       1885, 1.71364734176933395E-012
       1886, 1.67067112020920984E-012
       1887, 1.65722605859227231E-012
       1888, 1.66529329125860000E-012
       1889, 1.79629424372709243E-012
       1890, 1.72189459626767815E-012
       1891, 2.02176357304056029E-012
       1892, 1.86933503149421331E-012
       1893, 1.80591127441026572E-012
       1894, 1.86846875653493616E-012
       1895, 1.76841947460277635E-012
       1896, 1.81910509558674052E-012
       1897, 1.82669998089009249E-012
       1898, 1.97360371099843102E-012
       1899, 1.81639569303526865E-012
       1900, 1.81287566368423402E-012
       1901, 1.74988699471595168E-012
       1902, 1.96222260991785352E-012
       1903, 1.79145790243947106E-012
       1904, 1.87244329685591631E-012
       1905, 1.95486649160520945E-012
       1906, 1.89227750115441563E-012
       1907, 1.85732396616815047E-012
       1908, 1.84719295436264871E-012
       1909, 1.77453566443440786E-012
       1910, 1.98115053982879878E-012
       1911, 1.99309296290295614E-012
       1912, 1.80538047300953102E-012
       1913, 1.78217289042332567E-012
       1914, 1.95605034355944829E-012
       1915, 1.86575936566565449E-012
       1916, 2.04193697444002412E-012
       1917, 2.00648540057509655E-012
       1918, 1.93701545624442396E-012
       1919, 1.89016277650578263E-012
       1920, 2.07128948765485550E-012
       1921, 1.94179698757668136E-012
       1922, 2.12299531552650670E-012
       1923, 1.94466822663998312E-012
       1924, 2.03356916160512842E-012
       1925, 1.99130901276421772E-012
       1926, 1.97970320522633468E-012
       1927, 2.05219406248449711E-012
       1928, 1.98396463532369772E-012
       1929, 1.96176874226062123E-012
       1930, 2.04690187388989087E-012
       1931, 2.10713685984878522E-012
       1932, 2.10002888111268221E-012
       1933, 2.00110614966622247E-012
       1934, 2.06654757664881626E-012
       1935, 2.21463547080188406E-012
       1936, 2.12087144655237670E-012
       1937, 2.58777502814883553E-012
       1938, 2.38567739052990250E-012
       1939, 2.14125161704464914E-012
       1940, 2.20876379136499509E-012
       1941, 2.26032183109207823E-012
       1942, 2.11690018358521599E-012
       1943, 2.21632172871099938E-012
       1944, 2.24800235689318549E-012
       1945, 2.27568353051444021E-012
       1946, 2.20444244004869497E-012
       1947, 2.29823746044263163E-012
       1948, 2.29323953258173328E-012
       1949, 2.10315139884808999E-012
       1950, 2.41990027372486633E-012
       1951, 2.22325910968821585E-012
       1952, 2.23917270538087974E-012
       1953, 2.21439009902683966E-012
       1954, 2.25732905736098727E-012
       1955, 2.46736390534987415E-012
       1956, 2.49061274307536817E-012
       1957, 2.59875134310170384E-012
       1958, 2.40729601947353623E-012
       1959, 2.36421022610464055E-012
       1960, 2.15527432122127017E-012
       1961, 2.68463347721781867E-012
       1962, 2.41574293350233752E-012
       1963, 2.47958665862480184E-012
       1964, 2.42994927539511702E-012
       1965, 2.47909477686524626E-012
       1966, 2.44173750300132249E-012
       1967, 2.42968694089092087E-012
       1968, 2.50794646357333269E-012
       1969, 2.59262387885416257E-012
       1970, 2.46549234739825643E-012
       1971, 2.66038910229474848E-012
       1972, 2.49404880511132508E-012
       1973, 2.43023688123616974E-012
       1974, 2.68063359819813094E-012
       1975, 2.53295909579259108E-012
       1976, 2.67491831187493773E-012
       1977, 2.59495222564746395E-012
       1978, 2.78123545978319735E-012
       1979, 2.56729594744416525E-012
       1980, 2.76242490423973267E-012
       1981, 2.87984453461304896E-012
       1982, 3.03755597778242347E-012
       1983, 2.74348408948972912E-012
       1984, 2.94498142152538407E-012
       1985, 2.60307329821683086E-012
       1986, 2.73945113778107243E-012
       1987, 2.90185520976516195E-012
       1988, 2.81782786404787899E-012
       1989, 2.73743355271803876E-012
       1990, 2.64745456562772398E-012
       1991, 2.86301042319987866E-012
       1992, 2.59398380910125219E-012
       1993, 2.93250685256606753E-012
       1994, 3.09930137950396685E-012
       1995, 2.95980425288241788E-012
       1996, 2.94121223202363159E-012
       1997, 2.84260399444248518E-012
       1998, 2.80019333049895202E-012
       1999, 3.22001777096500184E-012
       2000, 2.99660611397434551E-012
       2001, 2.90512090029500395E-012
       2002, 2.82736321603042868E-012
       2003, 2.83216146917513384E-012
       2004, 2.83704418878505274E-012
       2005, 3.01591822417051891E-012
       2006, 3.19154573646792823E-012
       2007, 3.28032110153958439E-012
       2008, 3.05679657766997070E-012
       2009, 3.22955458449347749E-012
       2010, 2.85380951025381534E-012
       2011, 3.35337188906831642E-012
       2012, 2.89494774197120545E-012
       2013, 3.22744793964568709E-012
       2014, 3.12850993525357045E-012
       2015, 3.27978241424594822E-012
       2016, 2.97689987009158728E-012
       2017, 2.80527517492885033E-012
       2018, 3.37362632948092092E-012
       2019, 3.03365911153526801E-012
       2020, 2.88818684549579945E-012
       2021, 3.24485854030530503E-012
       2022, 3.05089493481107712E-012
       2023, 3.48952015478134784E-012
       2024, 3.37146572463739472E-012
       2025, 3.05276946472296855E-012
       2026, 3.65013970891512390E-012
       2027, 3.17690844109616281E-012
       2028, 3.46759020443481847E-012
       2029, 3.66942641533974820E-012
       2030, 3.37517192325763850E-012
       2031, 3.62338197269579408E-012
       2032, 3.51224536906188067E-012
       2033, 3.62310562103686197E-012
       2034, 3.50523957712729394E-012
       2035, 3.59233981244252499E-012
       2036, 3.59049847002309298E-012
       2037, 3.53923337738669434E-012
       2038, 3.57680151129924105E-012
       2039, 3.48589500718877372E-012
       2040, 4.08101917534549638E-012
       2041, 3.61757954974703759E-012
       2042, 3.92693573672589081E-012
       2043, 3.82062737081086551E-012
       2044, 3.61388590451034095E-012
       2045, 3.28396773068196511E-012
       2046, 4.00587147886564342E-012
       2047, 5.08396715365221179E-012
       2048, 4.69456716085174634E-012
      -2047, 5.08396715365221179E-012
          0, 8.36490966135148981E-014
