         0, 2147483647,  1009, 5.92706794675678526E+303
         1,    2096128,  1009, 1.91054786842982355E-001
         2,    2096128,  1009, 4.43991706485463711E-001
         3,    2096128,  1009, 8.00000000000000044E-001
         4,    2096128,  1009, 7.43178459230880772E-001
         5,    2096128,  1009, 8.24961763179823671E-002
         6,    2096128,  1009, 1.23095149366389767E-001
         7,    2096128,  1009, 1.02360980720035896E-002
         8,    2096128,  1009, 4.57674075342927680E-004
         9,    2090728,  1009, 3.18405529011425242E-006
        10,    1190170,  1009, 7.59501872844084833E-010
        11,     346532,  1009, 2.58586765232727455E-015
        12,      59512,  1009, 2.54541723602548798E-015
        13,       2023,  1009, 2.51936231706648697E-015
        14,         42,  1009, 2.51286523260001200E-015
        15,          2,  1009, 2.43952606814408081E-015
        16,          0,  1009, 0.00000000000000000E+000
"j", "||(G*V)j - (U*Σ)j||_F / Σj"
          1, 8.20987079913355041E-013
          2, 7.84901747114918341E-013
          3, 7.72063081550883924E-013
          4, 8.30126208571937428E-013
          5, 8.05382542221162526E-013
          6, 8.99256772661729140E-013
          7, 8.06006092666306845E-013
          8, 7.68025127952032944E-013
          9, 8.27360326273106397E-013
         10, 8.58493057515395958E-013
         11, 8.54036637809516043E-013
         12, 8.94545763676589233E-013
         13, 8.24932916479169366E-013
         14, 8.01818799334843616E-013
         15, 8.38082924273811730E-013
         16, 8.14694407832450083E-013
         17, 7.69604582303955824E-013
         18, 8.50781287062168790E-013
         19, 8.02804294170368731E-013
         20, 8.00509694126640631E-013
         21, 8.40005829482757388E-013
         22, 7.71182130407772284E-013
         23, 8.01395885979887550E-013
         24, 8.25000865438468160E-013
         25, 7.76809293118772330E-013
         26, 7.89849722470819198E-013
         27, 8.30411491520130031E-013
         28, 8.33179988884589257E-013
         29, 8.46790619268522108E-013
         30, 7.92494365301741497E-013
         31, 8.01776227770386688E-013
         32, 7.72011485618669290E-013
         33, 7.85021901515458302E-013
         34, 8.46335212467828682E-013
         35, 8.17878609004909528E-013
         36, 8.76952751932911153E-013
         37, 8.64716453408297392E-013
         38, 8.08822580236364937E-013
         39, 7.95182264706513921E-013
         40, 8.56067755316705629E-013
         41, 8.57586408654162615E-013
         42, 8.47811002604906224E-013
         43, 8.68302337400438112E-013
         44, 8.67626987485509584E-013
         45, 8.34114307571485479E-013
         46, 8.36407360810671875E-013
         47, 8.03820490927731123E-013
         48, 7.79333160398779572E-013
         49, 8.10983280379898811E-013
         50, 8.63866633558091199E-013
         51, 8.16454955233096904E-013
         52, 8.27494520060025610E-013
         53, 8.14008079702184106E-013
         54, 8.17657303629774680E-013
         55, 8.46758416915433374E-013
         56, 8.34360095525062290E-013
         57, 8.43793155135554350E-013
         58, 8.57810793192203003E-013
         59, 7.65852476782386537E-013
         60, 8.18582444709441793E-013
         61, 8.41867603266438652E-013
         62, 8.44128545553661395E-013
         63, 8.20839605085698293E-013
         64, 8.30309185865757539E-013
         65, 7.93564273094985527E-013
         66, 8.06281004710944894E-013
         67, 8.34290414290338639E-013
         68, 8.47354693268553522E-013
         69, 8.44078699349566267E-013
         70, 8.26130640961487623E-013
         71, 8.33506891964688040E-013
         72, 8.33088702874503514E-013
         73, 8.59784086955797890E-013
         74, 8.26491874007462850E-013
         75, 8.84240491510109061E-013
         76, 8.03246634393557150E-013
         77, 8.23810971897116031E-013
         78, 7.82022909599502894E-013
         79, 8.25154008784097759E-013
         80, 8.18979127136335810E-013
         81, 7.45951289988574997E-013
         82, 8.33122885812888036E-013
         83, 8.31215433655211358E-013
         84, 8.44653378962351311E-013
         85, 8.27065560361375510E-013
         86, 8.80298668060274787E-013
         87, 8.37241331673325568E-013
         88, 8.22375917402490917E-013
         89, 8.69800799664291542E-013
         90, 8.46570498140501095E-013
         91, 8.81001656725368267E-013
         92, 7.90882418539547502E-013
         93, 8.50333919003117079E-013
         94, 7.73052427806872830E-013
         95, 7.91140150679149801E-013
         96, 8.75110353134523781E-013
         97, 8.23017843335684627E-013
         98, 8.16053211944901606E-013
         99, 8.49181444109883089E-013
        100, 8.41330043915267027E-013
        101, 8.78509111492850203E-013
        102, 8.26100004895378946E-013
        103, 8.11836590832674995E-013
        104, 8.16629173486230452E-013
        105, 7.86150757287996932E-013
        106, 8.37748588442231351E-013
        107, 8.38046470622271143E-013
        108, 8.09779636374280697E-013
        109, 8.88227157191162624E-013
        110, 8.00067129465463753E-013
        111, 8.39044089610771319E-013
        112, 8.40439071312301574E-013
        113, 7.86780991881826596E-013
        114, 8.84822521714678020E-013
        115, 8.22381858269521315E-013
        116, 8.49913821943039993E-013
        117, 7.99817861179665653E-013
        118, 8.71512286003771936E-013
        119, 8.47890879711926353E-013
        120, 8.54792255852122617E-013
        121, 8.91684296147048799E-013
        122, 8.64658323865334700E-013
        123, 8.24464161927931988E-013
        124, 7.89144386052828047E-013
        125, 8.42371082316353639E-013
        126, 8.51976755052165042E-013
        127, 8.34093276443361815E-013
        128, 8.67656008768398608E-013
        129, 8.52258541305201171E-013
        130, 8.76508836493006865E-013
        131, 8.31972436715792119E-013
        132, 8.32228023154004342E-013
        133, 8.77042156809644533E-013
        134, 7.96142630722151214E-013
        135, 8.91563310553855644E-013
        136, 8.79920285813619570E-013
        137, 8.56973295074994319E-013
        138, 8.57210216376400249E-013
        139, 8.14999853441077079E-013
        140, 8.71076360181885182E-013
        141, 8.37890245016646280E-013
        142, 8.67254555016626118E-013
        143, 8.23255337388081516E-013
        144, 9.10281881752812227E-013
        145, 8.75604480227861527E-013
        146, 8.47466447731493110E-013
        147, 8.43398443585068780E-013
        148, 8.47672061826327672E-013
        149, 8.27263855306510902E-013
        150, 9.15038957285769178E-013
        151, 8.40665233977558060E-013
        152, 8.76908031296582144E-013
        153, 8.57360139741622577E-013
        154, 9.25237809796290246E-013
        155, 8.16149919513700523E-013
        156, 8.41074251465693464E-013
        157, 8.45342746782507819E-013
        158, 8.71912482015446692E-013
        159, 8.66902122133699207E-013
        160, 8.92753747057221416E-013
        161, 8.49696035571365433E-013
        162, 7.80714102758589643E-013
        163, 8.81558004728030478E-013
        164, 8.71619567180220849E-013
        165, 8.34550137748727608E-013
        166, 8.02251415109590191E-013
        167, 8.52102091420585958E-013
        168, 8.49714019011334062E-013
        169, 8.59929115831136344E-013
        170, 8.12726693402490157E-013
        171, 9.13349404090455787E-013
        172, 9.04678929761649771E-013
        173, 8.63448837353378962E-013
        174, 8.21305362985419825E-013
        175, 8.81363051802578760E-013
        176, 8.62660055091734303E-013
        177, 8.96987286142628469E-013
        178, 9.20438345797498114E-013
        179, 9.14947628785841375E-013
        180, 8.18289494515259551E-013
        181, 8.76293692768814157E-013
        182, 9.47797046339488070E-013
        183, 8.87844671245601233E-013
        184, 8.77798977279492037E-013
        185, 8.85830682069794312E-013
        186, 9.29099931928301138E-013
        187, 8.61082254828704175E-013
        188, 8.34032966815367657E-013
        189, 8.68233156520716092E-013
        190, 8.34258740143289574E-013
        191, 9.27289908904713317E-013
        192, 8.98265647961990530E-013
        193, 8.31018917628395201E-013
        194, 9.72784784448243709E-013
        195, 8.95915281678250331E-013
        196, 8.80734915611626306E-013
        197, 8.59710378726583554E-013
        198, 9.00105512320474668E-013
        199, 8.75304668352788804E-013
        200, 9.26145402999844624E-013
        201, 8.93256454736450367E-013
        202, 8.63606062073235531E-013
        203, 9.68059498127511824E-013
        204, 9.28181870425084015E-013
        205, 8.94195064995089994E-013
        206, 9.11568518440498212E-013
        207, 8.75189912615764573E-013
        208, 9.17516158120478634E-013
        209, 9.54781653316653206E-013
        210, 8.43107046934820487E-013
        211, 8.78044651449523377E-013
        212, 9.09318148482268624E-013
        213, 9.44959755025476339E-013
        214, 9.36538723132832665E-013
        215, 9.56800291749062104E-013
        216, 9.02575810250601053E-013
        217, 9.62404198767965591E-013
        218, 9.49243955397973237E-013
        219, 9.52133904113614355E-013
        220, 9.50912816893183943E-013
        221, 1.00012189910326904E-012
        222, 8.99186775973161819E-013
        223, 9.53111015239850334E-013
        224, 8.09630749882078480E-013
        225, 9.62128727174341712E-013
        226, 9.54685010940861675E-013
        227, 8.68536067550453721E-013
        228, 8.76374166586358166E-013
        229, 8.53836438621242097E-013
        230, 8.96533831847221583E-013
        231, 9.12868056503681527E-013
        232, 9.46926512209763297E-013
        233, 9.24520594861040203E-013
        234, 9.77263701669013523E-013
        235, 9.13539016953062405E-013
        236, 9.71311687863272030E-013
        237, 1.00531746251588077E-012
        238, 9.59778086694439460E-013
        239, 9.54734467285827577E-013
        240, 1.05658549654854292E-012
        241, 9.66407642993350643E-013
        242, 9.31240150551564945E-013
        243, 9.06711230191633902E-013
        244, 9.66197103326420202E-013
        245, 9.53313251170668939E-013
        246, 9.22951828891721672E-013
        247, 9.25241564437217107E-013
        248, 9.64361728671145828E-013
        249, 8.85154821865524659E-013
        250, 8.97204195563461875E-013
        251, 9.68614589308261119E-013
        252, 1.03066362858601904E-012
        253, 9.65684129881646309E-013
        254, 9.26933697513807982E-013
        255, 9.11675842541427968E-013
        256, 1.03734222305187290E-012
        257, 9.36232925928890519E-013
        258, 9.45352958343149941E-013
        259, 9.70103253936544189E-013
        260, 1.02443618618613189E-012
        261, 9.10603606650677766E-013
        262, 1.02423752127283995E-012
        263, 1.03780804998041634E-012
        264, 9.51749428903029839E-013
        265, 9.69481148840461895E-013
        266, 9.08355532293411526E-013
        267, 9.53779320115778601E-013
        268, 9.96528771469647364E-013
        269, 9.69508264871824672E-013
        270, 9.10662775465150826E-013
        271, 9.78146365534912488E-013
        272, 1.06146722124492065E-012
        273, 9.90697624250161635E-013
        274, 1.01343887878314378E-012
        275, 9.29826038248003133E-013
        276, 1.02170870142844575E-012
        277, 1.00527065114100820E-012
        278, 9.43398867644516280E-013
        279, 9.71646225084579669E-013
        280, 9.67960573028324513E-013
        281, 1.03584310782644563E-012
        282, 1.01116482932984588E-012
        283, 1.00029751367720793E-012
        284, 1.07772525465143730E-012
        285, 9.97063630263462589E-013
        286, 9.64733663144277533E-013
        287, 1.01575632871639184E-012
        288, 1.01011720923902880E-012
        289, 1.07899137892208234E-012
        290, 9.87491680618235180E-013
        291, 1.01113812631037364E-012
        292, 1.00428275250518253E-012
        293, 9.47179671818788394E-013
        294, 9.48044980424853124E-013
        295, 9.28419910123281036E-013
        296, 9.40544085392071659E-013
        297, 1.05545835145890798E-012
        298, 1.08812452376478993E-012
        299, 9.94337665220767525E-013
        300, 9.85637825100828172E-013
        301, 1.02424490154055229E-012
        302, 1.00762209079336478E-012
        303, 9.51209487006780686E-013
        304, 1.02128193664802737E-012
        305, 1.09092518119456832E-012
        306, 9.11786213361221367E-013
        307, 1.04404318612566111E-012
        308, 1.12192106191077208E-012
        309, 1.07172244981932142E-012
        310, 1.09670705760110380E-012
        311, 9.49328809898081044E-013
        312, 9.92784009840354656E-013
        313, 1.07466308216625677E-012
        314, 1.00530048733059624E-012
        315, 1.01108610663164132E-012
        316, 9.88703116540126208E-013
        317, 1.02610411578735691E-012
        318, 1.08037324423499019E-012
        319, 1.08438127570111413E-012
        320, 1.08890919551090899E-012
        321, 1.13662574491908625E-012
        322, 1.13704513940841059E-012
        323, 1.08980670307854823E-012
        324, 1.05866659259791090E-012
        325, 1.04584274569823580E-012
        326, 1.04506746853894299E-012
        327, 1.04260582141533098E-012
        328, 1.06172437244698595E-012
        329, 1.14531568344194799E-012
        330, 1.14495512943639279E-012
        331, 1.13003509776157222E-012
        332, 1.08885746319095513E-012
        333, 1.07404188482404084E-012
        334, 1.02750616969812199E-012
        335, 1.10840877890475255E-012
        336, 1.08055232040338481E-012
        337, 1.06964472599471415E-012
        338, 1.19121826465312998E-012
        339, 1.23763765927899669E-012
        340, 1.19843698279500129E-012
        341, 1.17163942258088133E-012
        342, 1.13099232037608616E-012
        343, 1.05108847624916455E-012
        344, 1.18275937952777235E-012
        345, 1.13512850749288408E-012
        346, 1.12769244454287444E-012
        347, 1.06903772716232278E-012
        348, 1.09796831893182005E-012
        349, 1.06292947699954787E-012
        350, 1.25560473505882636E-012
        351, 1.26298295869248807E-012
        352, 1.14856590938096392E-012
        353, 1.18973056834214618E-012
        354, 1.04619388497504434E-012
        355, 1.23643812402570388E-012
        356, 1.08605250423619248E-012
        357, 1.12464879527265510E-012
        358, 1.16674729877704649E-012
        359, 1.14333854137270677E-012
        360, 1.12255736426475844E-012
        361, 1.17006649841731499E-012
        362, 1.26558471357119025E-012
        363, 1.18040620416065915E-012
        364, 1.15898047707815401E-012
        365, 1.18583208594590918E-012
        366, 1.18350904963159759E-012
        367, 1.06892504884709697E-012
        368, 1.24784592770015526E-012
        369, 1.24057434753670876E-012
        370, 1.20016587123726421E-012
        371, 1.25281269633540100E-012
        372, 1.13871061347298680E-012
        373, 1.14964804069196794E-012
        374, 1.21039653789639702E-012
        375, 1.13001446856812235E-012
        376, 1.14619812760590977E-012
        377, 1.11791478339279337E-012
        378, 1.15037957935941545E-012
        379, 1.06364692984577434E-012
        380, 1.11958812335781950E-012
        381, 1.12598330073356633E-012
        382, 1.13126047258086530E-012
        383, 1.22085849488674533E-012
        384, 1.16119030504419988E-012
        385, 1.23083290093638782E-012
        386, 1.12790123426874917E-012
        387, 1.16942294696347123E-012
        388, 1.07375754788642213E-012
        389, 1.03687390346674932E-012
        390, 1.09464480920149939E-012
        391, 1.24296403967271458E-012
        392, 1.13307596413312711E-012
        393, 1.22348479887914613E-012
        394, 1.16558893765543309E-012
        395, 1.11734169216570127E-012
        396, 1.23734004950787084E-012
        397, 1.19241048545192448E-012
        398, 1.23065181552540304E-012
        399, 1.20201520831248501E-012
        400, 1.18125963071115600E-012
        401, 1.26856083322725497E-012
        402, 1.22142540784734266E-012
        403, 1.31808801845241103E-012
        404, 1.23564797825037788E-012
        405, 1.14428037385613691E-012
        406, 1.18309091065966519E-012
        407, 1.11335607846901189E-012
        408, 1.26163863920618773E-012
        409, 1.26807814045699269E-012
        410, 1.31043217615315151E-012
        411, 1.26885188510143196E-012
        412, 1.15780283933986637E-012
        413, 1.23697960827117990E-012
        414, 1.18075399816874822E-012
        415, 1.27587728774992028E-012
        416, 1.12577291621776228E-012
        417, 1.26730554183230376E-012
        418, 1.18386663192394395E-012
        419, 1.18620621978860532E-012
        420, 1.22690457168228051E-012
        421, 1.15895986401971967E-012
        422, 1.27723904656949679E-012
        423, 1.28462484798317797E-012
        424, 1.21538040280920194E-012
        425, 1.23814113034399818E-012
        426, 1.25686907897446223E-012
        427, 1.15881875102882930E-012
        428, 1.28736634831481045E-012
        429, 1.36726878271220692E-012
        430, 1.23771012770511431E-012
        431, 1.31792867309302361E-012
        432, 1.18761115980676262E-012
        433, 1.14665208264483973E-012
        434, 1.21453468441121849E-012
        435, 1.26489067191801860E-012
        436, 1.30218270373823796E-012
        437, 1.18018162912127337E-012
        438, 1.27236653045023103E-012
        439, 1.32488062394481548E-012
        440, 1.25484144313048207E-012
        441, 1.25088745005387748E-012
        442, 1.26678476215218560E-012
        443, 1.25481758833818934E-012
        444, 1.24684059780902000E-012
        445, 1.25115206432883409E-012
        446, 1.34318798143084509E-012
        447, 1.20705706189178963E-012
        448, 1.32208986344804672E-012
        449, 1.33485554905071461E-012
        450, 1.21128986589653335E-012
        451, 1.29453634209626215E-012
        452, 1.29444598602195861E-012
        453, 1.27571029645493754E-012
        454, 1.31391113519281945E-012
        455, 1.29451554295694632E-012
        456, 1.28707462435475907E-012
        457, 1.32361349492191202E-012
        458, 1.29310029971228876E-012
        459, 1.48342795356519842E-012
        460, 1.29076006525666247E-012
        461, 1.18636648875532020E-012
        462, 1.33579925843689529E-012
        463, 1.32205968671517013E-012
        464, 1.40661885258253245E-012
        465, 1.25519355273405594E-012
        466, 1.26131729275461836E-012
        467, 1.20586939893443006E-012
        468, 1.32047931393382374E-012
        469, 1.32764352763932492E-012
        470, 1.24872234429890168E-012
        471, 1.41464515817309523E-012
        472, 1.35349118389425993E-012
        473, 1.27700432630055490E-012
        474, 1.29899499046215453E-012
        475, 1.26288997335204929E-012
        476, 1.29421203331051191E-012
        477, 1.31874262059933875E-012
        478, 1.29862411436096546E-012
        479, 1.34771929008182479E-012
        480, 1.33995046078816308E-012
        481, 1.36762622842533083E-012
        482, 1.26081787545966974E-012
        483, 1.27407475158285065E-012
        484, 1.29446971255878523E-012
        485, 1.35041228640570589E-012
        486, 1.23620942889426243E-012
        487, 1.27465304133560940E-012
        488, 1.31714408153113025E-012
        489, 1.22584385974647141E-012
        490, 1.32488764457500126E-012
        491, 1.36484754380328730E-012
        492, 1.42317049653232596E-012
        493, 1.28691340339776105E-012
        494, 1.46861428888119694E-012
        495, 1.21896512736186562E-012
        496, 1.19877466277351427E-012
        497, 1.41539768813301621E-012
        498, 1.28278067632000810E-012
        499, 1.26316697617902684E-012
        500, 1.37555986437592322E-012
        501, 1.34782618582920880E-012
        502, 1.29242859137148211E-012
        503, 1.36880742945372018E-012
        504, 1.30207471207190861E-012
        505, 1.37292952156416014E-012
        506, 1.40037557414971145E-012
        507, 1.29302596251127931E-012
        508, 1.32292377875572001E-012
        509, 1.38469764870919415E-012
        510, 1.42086905877383270E-012
        511, 1.32071430454504888E-012
        512, 1.24181013344268517E-012
        513, 1.29130945808831214E-012
        514, 1.44055153841634591E-012
        515, 1.39545946475123029E-012
        516, 1.27734227445696884E-012
        517, 1.25378707487943982E-012
        518, 1.32421732711730394E-012
        519, 1.45030436060380364E-012
        520, 1.42087846604787925E-012
        521, 1.38458589855831680E-012
        522, 1.39901455338382475E-012
        523, 1.45388944935557588E-012
        524, 1.56777278251928470E-012
        525, 1.37360046947993559E-012
        526, 1.40483057846279687E-012
        527, 1.35205434704980033E-012
        528, 1.40070282187708208E-012
        529, 1.43410003125499594E-012
        530, 1.35083525910535297E-012
        531, 1.39440030929479405E-012
        532, 1.48495319249382292E-012
        533, 1.31638363545082843E-012
        534, 1.42875244268300299E-012
        535, 1.35884162369228059E-012
        536, 1.47010897494099320E-012
        537, 1.54020878890857677E-012
        538, 1.41679700373310212E-012
        539, 1.39473440449871907E-012
        540, 1.47924100684280945E-012
        541, 1.35374437591087847E-012
        542, 1.41785208862232643E-012
        543, 1.33425999032143936E-012
        544, 1.35786508382374394E-012
        545, 1.26492195819442752E-012
        546, 1.32781530556240673E-012
        547, 1.45466613937393779E-012
        548, 1.31776612100842938E-012
        549, 1.41753394959963285E-012
        550, 1.39215316801956407E-012
        551, 1.30392080007732626E-012
        552, 1.35040099125149122E-012
        553, 1.39216253347291203E-012
        554, 1.37551449874610974E-012
        555, 1.44892393267871873E-012
        556, 1.45096849153455926E-012
        557, 1.50823981761812545E-012
        558, 1.46432143813721522E-012
        559, 1.39651158291791759E-012
        560, 1.37536613569766171E-012
        561, 1.39201694439652567E-012
        562, 1.40484487018859440E-012
        563, 1.42429056469842342E-012
        564, 1.52731642162357148E-012
        565, 1.43983361594935507E-012
        566, 1.40555834951959807E-012
        567, 1.50560332547015511E-012
        568, 1.41088240021445436E-012
        569, 1.49088423229302227E-012
        570, 1.37859685295338638E-012
        571, 1.48184021667202698E-012
        572, 1.43567831957786909E-012
        573, 1.36955712760912680E-012
        574, 1.38491359891421908E-012
        575, 1.39848585211241336E-012
        576, 1.36170948513039530E-012
        577, 1.37714880173345912E-012
        578, 1.36321743833457521E-012
        579, 1.48521760331731882E-012
        580, 1.45704889506819359E-012
        581, 1.59180520574969216E-012
        582, 1.53783750207595879E-012
        583, 1.45910205265646982E-012
        584, 1.38797307359808290E-012
        585, 1.34383024118520037E-012
        586, 1.39578186601792382E-012
        587, 1.48727961266850319E-012
        588, 1.35637586084588369E-012
        589, 1.51497086035669450E-012
        590, 1.55673339252063867E-012
        591, 1.35823772908949368E-012
        592, 1.51502461686938386E-012
        593, 1.39437266735641511E-012
        594, 1.53171979728623462E-012
        595, 1.46225104272926675E-012
        596, 1.44322294391361603E-012
        597, 1.52333554417973093E-012
        598, 1.48819707795811519E-012
        599, 1.39967455845102930E-012
        600, 1.43651515653411600E-012
        601, 1.51500048876109499E-012
        602, 1.55874610082916190E-012
        603, 1.47281952240184539E-012
        604, 1.46520881687591458E-012
        605, 1.51230269968830242E-012
        606, 1.42501530598453585E-012
        607, 1.38769806103538739E-012
        608, 1.46124071391482069E-012
        609, 1.46390916244866804E-012
        610, 1.41695301998730858E-012
        611, 1.52290360597411564E-012
        612, 1.41076058340534659E-012
        613, 1.43795541939986270E-012
        614, 1.51316870016509378E-012
        615, 1.56677077350132729E-012
        616, 1.48423140354772133E-012
        617, 1.51610852447805877E-012
        618, 1.50223518750153048E-012
        619, 1.50255101776617517E-012
        620, 1.47772266375477565E-012
        621, 1.69723694738908962E-012
        622, 1.53041498259547165E-012
        623, 1.53037526544064493E-012
        624, 1.49921815341591937E-012
        625, 1.36790551075394230E-012
        626, 1.47963964903376231E-012
        627, 1.44520042787355112E-012
        628, 1.48308355388925421E-012
        629, 1.43571673918814638E-012
        630, 1.48693615546703733E-012
        631, 1.55735055935559664E-012
        632, 1.46335374933408948E-012
        633, 1.57954932904504010E-012
        634, 1.46433045382613073E-012
        635, 1.46919029548915561E-012
        636, 1.42182190243953312E-012
        637, 1.44542354945645645E-012
        638, 1.50435377918593851E-012
        639, 1.45478458809609714E-012
        640, 1.63593078553215946E-012
        641, 1.55990849960298229E-012
        642, 1.45164404090044213E-012
        643, 1.50372794229319531E-012
        644, 1.54836137279031267E-012
        645, 1.59257099502781665E-012
        646, 1.53456153886654958E-012
        647, 1.47129435876214043E-012
        648, 1.48996491342693711E-012
        649, 1.51109541187161867E-012
        650, 1.48009662777458309E-012
        651, 1.48084163126045417E-012
        652, 1.43428227517729930E-012
        653, 1.57055241173322456E-012
        654, 1.48169433581334723E-012
        655, 1.59002847614462043E-012
        656, 1.51627976016329064E-012
        657, 1.48836219371672576E-012
        658, 1.54785952490173611E-012
        659, 1.55456934926974385E-012
        660, 1.53111914914796273E-012
        661, 1.48042816576023760E-012
        662, 1.44164735870186180E-012
        663, 1.54895150780901497E-012
        664, 1.50602993207178168E-012
        665, 1.55507464089522362E-012
        666, 1.44740061878678654E-012
        667, 1.37437205958054692E-012
        668, 1.54481196987115697E-012
        669, 1.50405305584892119E-012
        670, 1.51027034572868063E-012
        671, 1.47686801083442540E-012
        672, 1.54284670621073613E-012
        673, 1.36458737179668819E-012
        674, 1.51951196843383907E-012
        675, 1.57191832034529886E-012
        676, 1.57189627523167163E-012
        677, 1.50547831658154562E-012
        678, 1.64626421865573302E-012
        679, 1.55692925564087668E-012
        680, 1.71660904128783869E-012
        681, 1.49934672671523695E-012
        682, 1.60989499262028876E-012
        683, 1.58411291002953389E-012
        684, 1.51455637078523194E-012
        685, 1.58166390131427122E-012
        686, 1.45520795570304605E-012
        687, 1.55001900914316045E-012
        688, 1.46566188445974321E-012
        689, 1.67671828576393467E-012
        690, 1.43941759487992868E-012
        691, 1.37215506629744933E-012
        692, 1.42968555877739846E-012
        693, 1.46106456675566880E-012
        694, 1.45557391855396069E-012
        695, 1.58203662735288926E-012
        696, 1.63173290956518704E-012
        697, 1.67432760205407063E-012
        698, 1.52395974953313243E-012
        699, 1.53523969524726805E-012
        700, 1.54248678190452219E-012
        701, 1.56273383953237442E-012
        702, 1.56609678963894056E-012
        703, 1.51358223977947629E-012
        704, 1.51117109845639347E-012
        705, 1.76206410640337739E-012
        706, 1.47821887043311796E-012
        707, 1.65491359164175504E-012
        708, 1.58569385638839774E-012
        709, 1.46835046725743252E-012
        710, 1.55012840000428480E-012
        711, 1.56426801224354556E-012
        712, 1.41461203414618443E-012
        713, 1.66949524377453187E-012
        714, 1.52579315678144386E-012
        715, 1.44850165993467431E-012
        716, 1.45621142925392910E-012
        717, 1.48687624630602411E-012
        718, 1.48698616953269170E-012
        719, 1.66093622665106061E-012
        720, 1.59675565100734227E-012
        721, 1.54337168530022856E-012
        722, 1.52368397704598187E-012
        723, 1.61812418950331348E-012
        724, 1.63818521325215837E-012
        725, 1.60844124825996790E-012
        726, 1.56457864800189576E-012
        727, 1.60385307113780268E-012
        728, 1.59690584654910279E-012
        729, 1.58431392634638022E-012
        730, 1.61135028242679645E-012
        731, 1.54197939738173356E-012
        732, 1.74647805520929828E-012
        733, 1.78390296458920801E-012
        734, 1.59842471875634630E-012
        735, 1.69633577727460755E-012
        736, 1.69229748308470854E-012
        737, 1.77933651464617642E-012
        738, 1.65058428005923642E-012
        739, 1.73565476853599802E-012
        740, 1.66611979082209997E-012
        741, 1.63686004172795818E-012
        742, 1.61276276916459729E-012
        743, 1.63316763997030426E-012
        744, 1.93519095393119898E-012
        745, 1.69616410485729569E-012
        746, 1.85047559934289092E-012
        747, 1.75240745225249898E-012
        748, 1.64092948741265254E-012
        749, 1.76768665007467001E-012
        750, 1.79948830112261381E-012
        751, 1.67690230139309975E-012
        752, 1.65348906990862995E-012
        753, 1.86895723261301913E-012
        754, 1.78519418673700382E-012
        755, 1.69708601726230448E-012
        756, 1.92484008161949160E-012
        757, 1.70658839853895366E-012
        758, 1.64294271080040821E-012
        759, 1.93247328772776550E-012
        760, 2.02119531293398995E-012
        761, 1.71594843619574123E-012
        762, 1.71961279799770369E-012
        763, 1.86564022165879359E-012
        764, 1.81888998753771924E-012
        765, 1.73659050509074683E-012
        766, 1.90310060732196749E-012
        767, 1.88792298221806688E-012
        768, 1.92942489158548752E-012
        769, 1.82126457416072800E-012
        770, 1.71818977827043187E-012
        771, 1.90739987034997840E-012
        772, 1.87899408793457738E-012
        773, 1.67073156421796788E-012
        774, 1.78297887958616689E-012
        775, 1.70359895922520421E-012
        776, 1.80006750671544903E-012
        777, 1.97456577757605260E-012
        778, 1.61260458044564423E-012
        779, 1.83117997744928650E-012
        780, 1.85281877290080895E-012
        781, 1.91550674328975530E-012
        782, 1.86172845580174172E-012
        783, 2.06341478537216747E-012
        784, 1.97382429095436381E-012
        785, 2.00498514735345699E-012
        786, 1.94116970311148766E-012
        787, 1.96595123387087434E-012
        788, 2.01560108931465800E-012
        789, 1.93813304364686484E-012
        790, 1.92244206219377759E-012
        791, 1.87714058662434991E-012
        792, 2.14018076585349230E-012
        793, 1.95909104099317169E-012
        794, 2.01150687991466048E-012
        795, 1.95322988934367379E-012
        796, 2.20900451125767828E-012
        797, 1.94599650927399399E-012
        798, 1.94477905328564094E-012
        799, 1.95540214530019438E-012
        800, 2.07384179183689038E-012
        801, 2.03934391204633658E-012
        802, 1.81938704972148237E-012
        803, 1.73563510432821858E-012
        804, 1.83561118944246481E-012
        805, 1.89855327802651502E-012
        806, 1.93923770135737472E-012
        807, 1.95345050901915513E-012
        808, 1.94438904701131144E-012
        809, 2.07598316761718728E-012
        810, 2.02921342472406817E-012
        811, 1.83839776002142099E-012
        812, 1.90918361199480450E-012
        813, 1.94649847451617302E-012
        814, 2.09317232235800752E-012
        815, 1.90292982194547782E-012
        816, 1.92956594089298572E-012
        817, 2.03621419510412421E-012
        818, 1.81486575654064119E-012
        819, 2.13260578876934796E-012
        820, 1.96387131260143963E-012
        821, 1.96637032766347837E-012
        822, 1.93305457575417500E-012
        823, 1.90937269076326822E-012
        824, 1.91161084579277993E-012
        825, 1.86565003534677723E-012
        826, 2.03910217436001677E-012
        827, 2.10100132885752285E-012
        828, 2.05449848417409105E-012
        829, 2.23428371505635500E-012
        830, 2.01032338062259925E-012
        831, 2.11986206651095779E-012
        832, 2.10476077476313034E-012
        833, 1.76511880356969487E-012
        834, 2.00062059126582127E-012
        835, 1.80543277250443739E-012
        836, 1.99251461203773669E-012
        837, 2.07799147825054814E-012
        838, 2.08169363533323135E-012
        839, 2.18577989219112254E-012
        840, 2.16827324101617622E-012
        841, 1.96579656378445680E-012
        842, 2.17428091172404160E-012
        843, 2.28505950110626933E-012
        844, 2.38092243767025876E-012
        845, 2.17853315423991760E-012
        846, 2.00549758572500138E-012
        847, 2.06509516414871979E-012
        848, 2.26145959874334232E-012
        849, 2.08101964405646592E-012
        850, 2.28800964159915316E-012
        851, 2.23818454895910898E-012
        852, 2.12089279205288232E-012
        853, 2.05452248453668184E-012
        854, 2.21542096204768974E-012
        855, 2.21630652205175774E-012
        856, 2.07768280373402060E-012
        857, 2.11517165041598209E-012
        858, 2.45578985632828297E-012
        859, 1.98126675502641009E-012
        860, 2.13279415766778517E-012
        861, 2.06688403650470915E-012
        862, 2.29782796719509064E-012
        863, 2.41465176480218281E-012
        864, 2.20098846583313661E-012
        865, 2.51390821352557059E-012
        866, 2.36414240879588990E-012
        867, 2.13720418002521533E-012
        868, 2.04740630845588526E-012
        869, 2.18605759950876488E-012
        870, 2.03708865768874253E-012
        871, 2.15368199458057002E-012
        872, 2.40917962313463484E-012
        873, 2.21556251592242438E-012
        874, 2.22095789110399589E-012
        875, 2.22526100166079199E-012
        876, 2.25768593268610764E-012
        877, 2.13671299298591413E-012
        878, 2.32580227099082939E-012
        879, 2.05569797876319908E-012
        880, 2.12958084080324720E-012
        881, 2.22368068828752165E-012
        882, 2.28521923050952713E-012
        883, 2.22313367070210014E-012
        884, 2.02416557694357689E-012
        885, 1.97623642741509074E-012
        886, 2.17968344609144986E-012
        887, 2.42707163515315997E-012
        888, 2.23927442448639651E-012
        889, 1.92110080492411493E-012
        890, 2.15702190233892661E-012
        891, 2.32490181206662739E-012
        892, 2.35996897837674625E-012
        893, 2.21105081635050961E-012
        894, 2.02862941862944880E-012
        895, 2.06292148584580065E-012
        896, 2.23648869029337393E-012
        897, 2.22954118421674010E-012
        898, 2.05774781576340497E-012
        899, 2.31220783906378804E-012
        900, 2.27106735064742960E-012
        901, 2.29410450508613958E-012
        902, 2.21128557579267392E-012
        903, 2.29717227498166036E-012
        904, 2.35936618064995023E-012
        905, 2.22304433613741085E-012
        906, 2.07343920061354955E-012
        907, 2.18409422584373094E-012
        908, 2.18893529852339564E-012
        909, 2.39257044002928448E-012
        910, 2.40553142025002172E-012
        911, 2.23782528633666829E-012
        912, 2.26960065352294437E-012
        913, 2.25546834371396507E-012
        914, 2.41681008308354148E-012
        915, 2.59432175424700739E-012
        916, 2.26793013369324908E-012
        917, 2.62071603095281567E-012
        918, 2.46343402861371787E-012
        919, 2.22849739808690225E-012
        920, 2.25171149549499300E-012
        921, 2.30421497585467142E-012
        922, 2.33457435638140550E-012
        923, 2.56998795785105641E-012
        924, 2.49298082343182289E-012
        925, 2.37031808364760829E-012
        926, 2.31853661574016824E-012
        927, 2.57289603203568749E-012
        928, 2.32497112498969112E-012
        929, 2.72135836107052395E-012
        930, 2.52940836900602198E-012
        931, 2.53197543188706101E-012
        932, 2.27352466212779019E-012
        933, 2.41454462438973071E-012
        934, 2.75481039946985062E-012
        935, 2.59814701302668714E-012
        936, 2.50256282380999144E-012
        937, 2.52959345388360197E-012
        938, 2.33672250850512194E-012
        939, 2.54088896613717969E-012
        940, 2.58976135544781155E-012
        941, 2.30184493036531704E-012
        942, 2.79767462952928962E-012
        943, 2.70474918161868697E-012
        944, 2.73920574999499205E-012
        945, 2.72596974559780315E-012
        946, 2.71925774792431524E-012
        947, 2.82255223695754724E-012
        948, 2.50785235716651734E-012
        949, 2.58557785218381169E-012
        950, 2.53307473708181510E-012
        951, 2.88500535138770148E-012
        952, 2.51418435604998990E-012
        953, 2.48427140553328847E-012
        954, 2.52819673486502848E-012
        955, 2.71882685050204758E-012
        956, 2.71199193775646107E-012
        957, 2.83880840129611001E-012
        958, 2.46706665219986017E-012
        959, 2.67619535998582774E-012
        960, 2.77349496631498179E-012
        961, 2.99385460259918974E-012
        962, 2.90584360544110130E-012
        963, 2.93152078432091556E-012
        964, 3.05435949734621924E-012
        965, 2.84124936254542574E-012
        966, 2.48869073693395158E-012
        967, 2.92175792335105612E-012
        968, 3.08601125178452182E-012
        969, 3.02537651227499939E-012
        970, 2.90705834814102243E-012
        971, 3.01836030391208229E-012
        972, 3.02118525217648431E-012
        973, 3.13938067812959330E-012
        974, 3.06854746391078848E-012
        975, 3.30343362641654585E-012
        976, 3.08209854545786274E-012
        977, 2.80832485795630646E-012
        978, 2.99591223398761420E-012
        979, 3.22314022621621608E-012
        980, 3.03943822217547023E-012
        981, 3.22868845508136158E-012
        982, 2.82407229912168870E-012
        983, 2.85548086887586490E-012
        984, 3.09903581504380060E-012
        985, 2.92853624580207436E-012
        986, 3.08124035714837783E-012
        987, 3.15563630151957719E-012
        988, 3.17723026432997467E-012
        989, 3.16387758733624234E-012
        990, 2.81221725964086267E-012
        991, 2.97642864114391608E-012
        992, 3.11185138510469407E-012
        993, 3.33848725363390730E-012
        994, 3.09023985989508939E-012
        995, 3.09984394539425967E-012
        996, 3.15855690832351587E-012
        997, 3.31419988942477869E-012
        998, 3.39370966862271405E-012
        999, 3.66957041660183348E-012
       1000, 3.36148076779376606E-012
       1001, 3.31365568666953992E-012
       1002, 3.56391984611978697E-012
       1003, 3.73387871394975186E-012
       1004, 3.36145880253845192E-012
       1005, 3.42607646702883027E-012
       1006, 3.38328789818193801E-012
       1007, 3.23190704006738608E-012
       1008, 3.80878897589260360E-012
       1009, 3.46845104992089927E-012
       1010, 3.84547733639816510E-012
       1011, 4.00386099911667050E-012
       1012, 3.90999381060168609E-012
       1013, 3.97728545241199536E-012
       1014, 4.17329241216988755E-012
       1015, 4.06849521875751263E-012
       1016, 4.39723049653479150E-012
       1017, 4.17145662309551453E-012
       1018, 4.40632677135692858E-012
       1019, 4.72348628066196523E-012
       1020, 3.83468986856960457E-012
       1021, 4.91438038807197816E-012
       1022, 4.41444872167922215E-012
       1023, 7.07537335747576140E-012
       1024, 4.33315434118643062E-012
       1025, 8.55470552670343393E-013
       1026, 8.10400006029246743E-013
       1027, 9.24449382743808427E-013
       1028, 8.23461356030542564E-013
       1029, 7.83903027195459475E-013
       1030, 8.66514341736219099E-013
       1031, 8.63211842999497039E-013
       1032, 9.56200964707495906E-013
       1033, 7.96985075359482581E-013
       1034, 8.04513180693477075E-013
       1035, 7.82713346337288696E-013
       1036, 8.04681653647689901E-013
       1037, 8.34634838626424018E-013
       1038, 7.86185337881966844E-013
       1039, 8.27924316502218716E-013
       1040, 8.40018009860286177E-013
       1041, 8.52820604817999243E-013
       1042, 8.16038057024943847E-013
       1043, 8.18314299276689455E-013
       1044, 7.64393755983505757E-013
       1045, 8.08781001952892429E-013
       1046, 8.64275182931069479E-013
       1047, 8.63803212473513914E-013
       1048, 8.66328394013440452E-013
       1049, 7.57186372302994127E-013
       1050, 8.48876819545935758E-013
       1051, 8.18383647705893613E-013
       1052, 7.86611764358795122E-013
       1053, 8.05102872684839925E-013
       1054, 7.86852206269219717E-013
       1055, 7.99217684933711711E-013
       1056, 7.89411454542729809E-013
       1057, 8.82852647436333056E-013
       1058, 8.23623848393206082E-013
       1059, 8.72064267002177425E-013
       1060, 8.21695917208172789E-013
       1061, 8.56730844292186607E-013
       1062, 8.61322035921689585E-013
       1063, 8.99655385519705873E-013
       1064, 8.28375201688515652E-013
       1065, 8.68641293811021193E-013
       1066, 9.01110404706153635E-013
       1067, 8.19157538311804370E-013
       1068, 8.51246134993559970E-013
       1069, 8.26154188230086413E-013
       1070, 7.76019919114466373E-013
       1071, 7.98217238564357211E-013
       1072, 8.85408868402297289E-013
       1073, 8.66412531225747501E-013
       1074, 8.58043494488241172E-013
       1075, 8.90298227933225203E-013
       1076, 7.75961582873865565E-013
       1077, 8.32856789725578522E-013
       1078, 8.87656710750297623E-013
       1079, 8.18165038902945574E-013
       1080, 9.54399967060040963E-013
       1081, 8.78592849854360096E-013
       1082, 9.02797419136014834E-013
       1083, 8.86337972651475691E-013
       1084, 8.36996163942373751E-013
       1085, 8.54650054065944532E-013
       1086, 8.16084676570414171E-013
       1087, 8.37873451688431651E-013
       1088, 7.79924229457504451E-013
       1089, 8.14969992189862751E-013
       1090, 8.57845056541521287E-013
       1091, 8.09445641836714945E-013
       1092, 8.33068446744826607E-013
       1093, 8.43227115084215512E-013
       1094, 8.63518817482644357E-013
       1095, 8.58826857614703506E-013
       1096, 8.05082720595901795E-013
       1097, 8.05685658513811775E-013
       1098, 8.97698640521300737E-013
       1099, 8.31146777472107923E-013
       1100, 8.98241124008465669E-013
       1101, 8.02639695530497207E-013
       1102, 7.77492404462043984E-013
       1103, 8.34483165891842795E-013
       1104, 8.04247047110532554E-013
       1105, 8.08034608071690891E-013
       1106, 8.66749675393583917E-013
       1107, 8.00563136804791013E-013
       1108, 8.66747404645098596E-013
       1109, 8.46976847879164638E-013
       1110, 8.62726423697388401E-013
       1111, 8.68414210908989522E-013
       1112, 7.73678827814036152E-013
       1113, 7.87575602509684100E-013
       1114, 8.58503952632226221E-013
       1115, 8.60172293172704340E-013
       1116, 8.64135366599948817E-013
       1117, 8.12830702922623864E-013
       1118, 8.30648503262561331E-013
       1119, 8.40674313918004015E-013
       1120, 8.30585081171142673E-013
       1121, 8.35555625622322069E-013
       1122, 8.55134372143729405E-013
       1123, 8.53718950706549488E-013
       1124, 8.74138763652841218E-013
       1125, 8.23645200684998428E-013
       1126, 8.35899597405058056E-013
       1127, 7.90459612678026115E-013
       1128, 8.09955669865926865E-013
       1129, 8.34020195451901215E-013
       1130, 8.66819937683343594E-013
       1131, 8.67198932235274467E-013
       1132, 8.95599685124785568E-013
       1133, 8.16162826490353931E-013
       1134, 8.79641639617913576E-013
       1135, 8.47573135135687877E-013
       1136, 8.30355789403765267E-013
       1137, 8.40487666378072067E-013
       1138, 8.74362480928174074E-013
       1139, 8.77139607904127784E-013
       1140, 7.98578844508571125E-013
       1141, 8.36523802043778941E-013
       1142, 8.71381656765966040E-013
       1143, 8.97292624725252149E-013
       1144, 7.83038211843666658E-013
       1145, 7.72155428579389637E-013
       1146, 8.14806698043457592E-013
       1147, 8.56218350509152606E-013
       1148, 8.88267516800299846E-013
       1149, 8.86705944058905355E-013
       1150, 9.14298325400174970E-013
       1151, 8.80712028861887820E-013
       1152, 8.27546013356879510E-013
       1153, 8.91059045602111711E-013
       1154, 8.78226377774247667E-013
       1155, 8.36221113626223046E-013
       1156, 8.06376144476465151E-013
       1157, 8.43829081609515216E-013
       1158, 8.62129057335891793E-013
       1159, 8.85967433067272025E-013
       1160, 9.04699330103672458E-013
       1161, 8.55386514891909326E-013
       1162, 8.84220529431813339E-013
       1163, 8.83583877210781321E-013
       1164, 8.66685116602817476E-013
       1165, 8.92156423196207227E-013
       1166, 8.57102860463103880E-013
       1167, 8.31553925757712759E-013
       1168, 8.85503017088442585E-013
       1169, 8.79213088675984170E-013
       1170, 8.85797429593629947E-013
       1171, 9.06206032260457123E-013
       1172, 8.58675899808428109E-013
       1173, 8.01312399799375802E-013
       1174, 7.94840316931988236E-013
       1175, 8.51138405721216549E-013
       1176, 9.08599756293955831E-013
       1177, 8.68487145615995198E-013
       1178, 8.87182930379693145E-013
       1179, 8.34817854430037505E-013
       1180, 8.30717353065160172E-013
       1181, 8.33848512587646385E-013
       1182, 9.07622155364486450E-013
       1183, 8.63903587868293722E-013
       1184, 8.49021153442804377E-013
       1185, 8.92841882866999092E-013
       1186, 8.47753800950189165E-013
       1187, 9.22166661974379217E-013
       1188, 9.57899520856344458E-013
       1189, 9.87604794825668509E-013
       1190, 8.22545314042973847E-013
       1191, 8.34525937018882854E-013
       1192, 8.29134654811722124E-013
       1193, 9.46768285773621590E-013
       1194, 8.43917379249597384E-013
       1195, 9.51882844301506926E-013
       1196, 8.24435953044342070E-013
       1197, 8.95736532272548713E-013
       1198, 8.37565120463578596E-013
       1199, 8.24587662332285382E-013
       1200, 9.65833152829120401E-013
       1201, 8.92688102319452626E-013
       1202, 8.50683019099511872E-013
       1203, 9.14323261639852676E-013
       1204, 8.98180895713705597E-013
       1205, 8.63463795107915635E-013
       1206, 8.63637305550352123E-013
       1207, 8.82045284113132275E-013
       1208, 9.28926947188575280E-013
       1209, 8.74057170186591484E-013
       1210, 9.25600254790373328E-013
       1211, 9.04050047069116224E-013
       1212, 8.57331174170377846E-013
       1213, 8.99241728039834426E-013
       1214, 8.79160141539354708E-013
       1215, 9.60104662337941246E-013
       1216, 8.91962742859212446E-013
       1217, 9.09476193331103704E-013
       1218, 8.79135503903837457E-013
       1219, 8.91184357976313959E-013
       1220, 9.45038630477698658E-013
       1221, 8.98968237901948535E-013
       1222, 9.68646889979699198E-013
       1223, 8.90537026857604671E-013
       1224, 8.45170678055631142E-013
       1225, 8.69413748178327533E-013
       1226, 9.25746682872326224E-013
       1227, 9.42203877658299974E-013
       1228, 8.18293753194164381E-013
       1229, 8.83525816677560350E-013
       1230, 8.47195815795695740E-013
       1231, 9.78731036660869701E-013
       1232, 9.24203719805194045E-013
       1233, 9.22939078006377005E-013
       1234, 9.28068359027797667E-013
       1235, 8.28840255488378981E-013
       1236, 9.16100378764936710E-013
       1237, 8.85710880176129201E-013
       1238, 8.89515844851942157E-013
       1239, 9.53120661430069808E-013
       1240, 9.63407846643129622E-013
       1241, 9.23427123301092585E-013
       1242, 9.51004000995753573E-013
       1243, 9.09332351690499958E-013
       1244, 9.70263082629512805E-013
       1245, 9.13948849069725037E-013
       1246, 9.35103249239867649E-013
       1247, 8.45364456942544237E-013
       1248, 9.57096475503408283E-013
       1249, 9.23907918393465020E-013
       1250, 9.12075495386656118E-013
       1251, 8.97865951754035858E-013
       1252, 9.76475537583153608E-013
       1253, 9.33420824270399181E-013
       1254, 9.39517354750118094E-013
       1255, 9.75618837629793617E-013
       1256, 9.53027288130303628E-013
       1257, 9.41202508750395842E-013
       1258, 9.43468937244200060E-013
       1259, 9.41838053665343154E-013
       1260, 9.05454678397615302E-013
       1261, 9.34277726490273949E-013
       1262, 9.33907408081542185E-013
       1263, 9.12414317548413749E-013
       1264, 9.02810511958000769E-013
       1265, 9.20560829661245691E-013
       1266, 9.87769114618287000E-013
       1267, 1.00465012067558239E-012
       1268, 9.60380969596652423E-013
       1269, 1.02243755770143463E-012
       1270, 9.37962020986505462E-013
       1271, 9.84568098388712578E-013
       1272, 9.18993437978559800E-013
       1273, 9.97374352074314629E-013
       1274, 9.59170377839817526E-013
       1275, 9.08879559883431843E-013
       1276, 9.22511859499788190E-013
       1277, 9.09034057950934799E-013
       1278, 9.59435929173014987E-013
       1279, 9.70097818816711459E-013
       1280, 9.44466121808717707E-013
       1281, 9.45944767954399100E-013
       1282, 9.43129297735324119E-013
       1283, 1.04312073098846282E-012
       1284, 9.25769678441631974E-013
       1285, 9.43955353757562939E-013
       1286, 1.02731311659433600E-012
       1287, 9.58060692025085131E-013
       1288, 9.53988987304138816E-013
       1289, 1.06094061038131971E-012
       1290, 9.17587697403791276E-013
       1291, 8.78448457593161657E-013
       1292, 1.01348865196837904E-012
       1293, 9.96572696251735873E-013
       1294, 1.04169744798124091E-012
       1295, 1.07269779472373355E-012
       1296, 1.07869895964932341E-012
       1297, 9.98251608796395373E-013
       1298, 1.00133287795704627E-012
       1299, 9.92115799361365289E-013
       1300, 9.33131235517721025E-013
       1301, 1.02938885071172476E-012
       1302, 9.76146932023708800E-013
       1303, 1.02517312802995466E-012
       1304, 9.27896885610967004E-013
       1305, 1.01943058264108915E-012
       1306, 1.03003237488246620E-012
       1307, 1.06637326844524665E-012
       1308, 1.01181634801495630E-012
       1309, 1.07195338143413960E-012
       1310, 1.13577931163293987E-012
       1311, 1.01573777912188542E-012
       1312, 1.05729381157425748E-012
       1313, 1.01890409481647529E-012
       1314, 1.02799263233065962E-012
       1315, 1.13017513569039919E-012
       1316, 1.12272663317396806E-012
       1317, 1.01763607162656829E-012
       1318, 1.00457767325352306E-012
       1319, 1.02756489257969323E-012
       1320, 9.82260558557178804E-013
       1321, 1.03197904256251060E-012
       1322, 1.04024759224788520E-012
       1323, 1.04626933300630655E-012
       1324, 1.08490311369353613E-012
       1325, 1.07133010309579422E-012
       1326, 9.88112259148527106E-013
       1327, 1.04266539964845653E-012
       1328, 1.15884235515129259E-012
       1329, 1.09722933396723760E-012
       1330, 1.06230890257675476E-012
       1331, 1.17754263270742676E-012
       1332, 1.12390793787459188E-012
       1333, 1.04844408369332316E-012
       1334, 1.20776992443348909E-012
       1335, 9.46829539857094222E-013
       1336, 1.05726658877195483E-012
       1337, 1.05648427743313057E-012
       1338, 1.09906116589501684E-012
       1339, 1.00261866722710704E-012
       1340, 1.00558666957074558E-012
       1341, 1.05542672245255534E-012
       1342, 1.00445605919993194E-012
       1343, 1.04399069389206653E-012
       1344, 1.03334300264024342E-012
       1345, 1.08418855305298593E-012
       1346, 1.11865470681260477E-012
       1347, 1.14054414523142603E-012
       1348, 1.01140539718532369E-012
       1349, 1.00972767284584564E-012
       1350, 1.04059262324280909E-012
       1351, 1.10212717220978677E-012
       1352, 1.05644004575590038E-012
       1353, 1.14352431094878091E-012
       1354, 1.01864784307378679E-012
       1355, 1.09779804910688436E-012
       1356, 1.09797675719296901E-012
       1357, 1.11136314591629476E-012
       1358, 1.22558426291142173E-012
       1359, 1.05350790029980331E-012
       1360, 1.04627409244016686E-012
       1361, 1.07979844313311775E-012
       1362, 1.11396375198923808E-012
       1363, 1.09267236751094280E-012
       1364, 1.16180074254437414E-012
       1365, 1.21632016366544367E-012
       1366, 1.12874087146582357E-012
       1367, 9.69930090655159013E-013
       1368, 1.07908596451196668E-012
       1369, 1.03645611697960528E-012
       1370, 1.14336577472555435E-012
       1371, 1.19193479847195537E-012
       1372, 1.18357119849149727E-012
       1373, 1.10197239565245015E-012
       1374, 1.18112117629450716E-012
       1375, 1.10957012964894524E-012
       1376, 1.11150631472082774E-012
       1377, 1.14995302522620269E-012
       1378, 1.04847068911470024E-012
       1379, 1.28554419449836802E-012
       1380, 1.10635614605078504E-012
       1381, 1.23300759453639839E-012
       1382, 1.15578219954200125E-012
       1383, 1.23259820820622600E-012
       1384, 1.09860222345105428E-012
       1385, 1.11301884488413083E-012
       1386, 1.18486497372716847E-012
       1387, 1.18370778254822498E-012
       1388, 1.12068191378275611E-012
       1389, 1.05672404448841811E-012
       1390, 1.10970424904541321E-012
       1391, 1.21617211185792919E-012
       1392, 1.19540494174962884E-012
       1393, 1.21494836826087540E-012
       1394, 1.21205851016034663E-012
       1395, 1.16087279339820780E-012
       1396, 1.17465829136214605E-012
       1397, 1.20510955383738885E-012
       1398, 1.19243247212157223E-012
       1399, 1.27630757496892767E-012
       1400, 1.19858683741130955E-012
       1401, 1.20702225568668751E-012
       1402, 1.16627382932470726E-012
       1403, 1.23281061367182899E-012
       1404, 1.19728553602390073E-012
       1405, 1.16702790703419643E-012
       1406, 1.20188579045313014E-012
       1407, 1.24190089324692061E-012
       1408, 1.35688468450776627E-012
       1409, 1.26744020101450795E-012
       1410, 1.22378635512275548E-012
       1411, 1.23956109390004932E-012
       1412, 1.26677000917519223E-012
       1413, 1.32029920849996084E-012
       1414, 1.30334383106515014E-012
       1415, 1.24408065927751261E-012
       1416, 1.23714139710985994E-012
       1417, 1.14906780580186624E-012
       1418, 1.28916708070123552E-012
       1419, 1.25138748289642682E-012
       1420, 1.32527405068314615E-012
       1421, 1.24005301067700306E-012
       1422, 1.28522638219602027E-012
       1423, 1.29139188404222014E-012
       1424, 1.30416427361712770E-012
       1425, 1.27610713966330355E-012
       1426, 1.13905730561205983E-012
       1427, 1.30765905504761580E-012
       1428, 1.36446586076211936E-012
       1429, 1.35943643674519413E-012
       1430, 1.26607214107112520E-012
       1431, 1.29450373606877006E-012
       1432, 1.33848550722005336E-012
       1433, 1.33128425383633705E-012
       1434, 1.24909010571101786E-012
       1435, 1.39089340984395607E-012
       1436, 1.32575410777963288E-012
       1437, 1.21825298949931805E-012
       1438, 1.32158326696365841E-012
       1439, 1.29835038485764104E-012
       1440, 1.28824277977159698E-012
       1441, 1.43818018576711573E-012
       1442, 1.30604857885364248E-012
       1443, 1.32083051218989050E-012
       1444, 1.26539477746605407E-012
       1445, 1.24091031554080498E-012
       1446, 1.25134934527223320E-012
       1447, 1.33749006035674961E-012
       1448, 1.32439907854102910E-012
       1449, 1.37379309490099750E-012
       1450, 1.31934361464204092E-012
       1451, 1.38988634340428673E-012
       1452, 1.29672434873176555E-012
       1453, 1.37327612786692921E-012
       1454, 1.29815329744920861E-012
       1455, 1.31159802050928215E-012
       1456, 1.38492681572015194E-012
       1457, 1.33929688640830413E-012
       1458, 1.34386654032405805E-012
       1459, 1.38700561324536310E-012
       1460, 1.44677983422314655E-012
       1461, 1.26068599487158387E-012
       1462, 1.32814161374913840E-012
       1463, 1.30333071305928665E-012
       1464, 1.38014231092602568E-012
       1465, 1.31168572544600584E-012
       1466, 1.27397716168207344E-012
       1467, 1.32847682420548191E-012
       1468, 1.35947079425509627E-012
       1469, 1.33384833159221454E-012
       1470, 1.33777994475528450E-012
       1471, 1.22067640474742031E-012
       1472, 1.34186822661812038E-012
       1473, 1.45173701261408400E-012
       1474, 1.24813369145348284E-012
       1475, 1.43586970511767057E-012
       1476, 1.27571469957914269E-012
       1477, 1.27870349132501966E-012
       1478, 1.33934800290682819E-012
       1479, 1.39363243271423891E-012
       1480, 1.37332203160647689E-012
       1481, 1.42379981416062258E-012
       1482, 1.38439748730955055E-012
       1483, 1.34377673432505936E-012
       1484, 1.39136585339882333E-012
       1485, 1.32866004832660266E-012
       1486, 1.44947960710418210E-012
       1487, 1.36883602488886596E-012
       1488, 1.33783226431104193E-012
       1489, 1.48327526212324933E-012
       1490, 1.31183227087081149E-012
       1491, 1.46752700479207357E-012
       1492, 1.39043025181652003E-012
       1493, 1.38324863535030300E-012
       1494, 1.37559028520214856E-012
       1495, 1.36793370077599752E-012
       1496, 1.40092031783674316E-012
       1497, 1.45654257940049367E-012
       1498, 1.46799375601262707E-012
       1499, 1.43847214363661229E-012
       1500, 1.37315034506141293E-012
       1501, 1.42494658841781641E-012
       1502, 1.34827167495323019E-012
       1503, 1.37091589501142906E-012
       1504, 1.30767929333712412E-012
       1505, 1.28450865174621137E-012
       1506, 1.37407577695613848E-012
       1507, 1.25976998098508691E-012
       1508, 1.39011533519272798E-012
       1509, 1.45189439920338902E-012
       1510, 1.36407761354494663E-012
       1511, 1.25500744726660334E-012
       1512, 1.31407215412590268E-012
       1513, 1.36260094701187407E-012
       1514, 1.41518462071209470E-012
       1515, 1.31488753720218131E-012
       1516, 1.30819837097080292E-012
       1517, 1.45759262480056198E-012
       1518, 1.62747791318241921E-012
       1519, 1.47122886381994997E-012
       1520, 1.32166576979333117E-012
       1521, 1.40290816358134607E-012
       1522, 1.40783976051620970E-012
       1523, 1.20579318712510793E-012
       1524, 1.37380003856597821E-012
       1525, 1.36398384717004833E-012
       1526, 1.41434962325363807E-012
       1527, 1.40651025004145857E-012
       1528, 1.32844574051153037E-012
       1529, 1.36928755314385998E-012
       1530, 1.34627137022391232E-012
       1531, 1.38353459988536247E-012
       1532, 1.33224131309300725E-012
       1533, 1.33846425172159264E-012
       1534, 1.37379447481087402E-012
       1535, 1.34067068673800608E-012
       1536, 1.27750936375428118E-012
       1537, 1.39480271487894723E-012
       1538, 1.32865022330005208E-012
       1539, 1.39891693257241816E-012
       1540, 1.36189384382519605E-012
       1541, 1.34539511590516261E-012
       1542, 1.34349139623354472E-012
       1543, 1.30311399931090077E-012
       1544, 1.48670549964868478E-012
       1545, 1.37445823100152913E-012
       1546, 1.41588424971142509E-012
       1547, 1.43692739759679448E-012
       1548, 1.35455145958767554E-012
       1549, 1.40247430316164085E-012
       1550, 1.38773993949071906E-012
       1551, 1.43397933963686676E-012
       1552, 1.41581722306065782E-012
       1553, 1.34489473574894694E-012
       1554, 1.46074781183617641E-012
       1555, 1.38250249951119911E-012
       1556, 1.31935400387790159E-012
       1557, 1.36607553734806475E-012
       1558, 1.44168689111347197E-012
       1559, 1.34914840184714727E-012
       1560, 1.29171941690204816E-012
       1561, 1.30006233916231552E-012
       1562, 1.31735027061075570E-012
       1563, 1.39876815990737025E-012
       1564, 1.39848857688379400E-012
       1565, 1.39200422572785123E-012
       1566, 1.54721243044366270E-012
       1567, 1.46629507703623120E-012
       1568, 1.45837793646062728E-012
       1569, 1.29548429049260183E-012
       1570, 1.26344019306267797E-012
       1571, 1.31053173822912504E-012
       1572, 1.38938908071917610E-012
       1573, 1.43400212772836111E-012
       1574, 1.44667144045928202E-012
       1575, 1.39566124654385709E-012
       1576, 1.38576313016054410E-012
       1577, 1.40282425619009394E-012
       1578, 1.44642411367327246E-012
       1579, 1.37348399321754025E-012
       1580, 1.40109123918044442E-012
       1581, 1.33274934682383403E-012
       1582, 1.38106138069687463E-012
       1583, 1.38545111636743828E-012
       1584, 1.41977705033997401E-012
       1585, 1.40440894526235522E-012
       1586, 1.40469147189881950E-012
       1587, 1.37037973023012842E-012
       1588, 1.42387661131772793E-012
       1589, 1.27472499535531351E-012
       1590, 1.40659402693541025E-012
       1591, 1.38583766227382845E-012
       1592, 1.25836525590730378E-012
       1593, 1.40225339169729491E-012
       1594, 1.41201249858790857E-012
       1595, 1.45527430337219541E-012
       1596, 1.34125604760763718E-012
       1597, 1.30313567085723167E-012
       1598, 1.40353715533044463E-012
       1599, 1.42216400471352550E-012
       1600, 1.37628616217923486E-012
       1601, 1.31851739836206246E-012
       1602, 1.45522947862598898E-012
       1603, 1.43767262779260373E-012
       1604, 1.44387900861786401E-012
       1605, 1.25906341504510311E-012
       1606, 1.40266495521535037E-012
       1607, 1.42881487287123720E-012
       1608, 1.45385688627669686E-012
       1609, 1.42266469052940682E-012
       1610, 1.38300062676112672E-012
       1611, 1.42576719005976542E-012
       1612, 1.40336205913627082E-012
       1613, 1.36925156694424326E-012
       1614, 1.38950572470994391E-012
       1615, 1.30374773809225150E-012
       1616, 1.46423748477550919E-012
       1617, 1.35437142494957776E-012
       1618, 1.43047450949623178E-012
       1619, 1.42045551147151988E-012
       1620, 1.40508461970741364E-012
       1621, 1.50043010804752583E-012
       1622, 1.42713926492738584E-012
       1623, 1.29633370355394889E-012
       1624, 1.47600865072739985E-012
       1625, 1.38639194867150232E-012
       1626, 1.51305498058158409E-012
       1627, 1.34029317410040893E-012
       1628, 1.35411113875580560E-012
       1629, 1.30960186828809219E-012
       1630, 1.51070095766682242E-012
       1631, 1.44083209737384800E-012
       1632, 1.46791616549793082E-012
       1633, 1.53097307704255839E-012
       1634, 1.46864374731727761E-012
       1635, 1.32828997749730752E-012
       1636, 1.45259581500455395E-012
       1637, 1.48971611976675080E-012
       1638, 1.46165212494122913E-012
       1639, 1.43937105065808050E-012
       1640, 1.42080909176016671E-012
       1641, 1.45785988478994280E-012
       1642, 1.51731730619156896E-012
       1643, 1.40166870888150496E-012
       1644, 1.27631427760404220E-012
       1645, 1.32951973027948411E-012
       1646, 1.46968780971101205E-012
       1647, 1.48776073416774908E-012
       1648, 1.44850952382868841E-012
       1649, 1.41871954539345942E-012
       1650, 1.46324763097920043E-012
       1651, 1.42972905157219455E-012
       1652, 1.42526020044025965E-012
       1653, 1.37454762947785872E-012
       1654, 1.35868014152123545E-012
       1655, 1.44798076771532680E-012
       1656, 1.52734835979959661E-012
       1657, 1.47778498975399168E-012
       1658, 1.44377313454539164E-012
       1659, 1.49525988917749115E-012
       1660, 1.41207438940052800E-012
       1661, 1.36738517037295253E-012
       1662, 1.47594263895829254E-012
       1663, 1.51510954263639935E-012
       1664, 1.36678685150580665E-012
       1665, 1.49005601348948344E-012
       1666, 1.47440088309993084E-012
       1667, 1.64365360525046616E-012
       1668, 1.54985439655194530E-012
       1669, 1.58566660118561892E-012
       1670, 1.55337909831812500E-012
       1671, 1.41144586343556414E-012
       1672, 1.45831256658707713E-012
       1673, 1.41724625365279233E-012
       1674, 1.39869708764946970E-012
       1675, 1.40187239413717660E-012
       1676, 1.45107681042847488E-012
       1677, 1.44574570457092526E-012
       1678, 1.39927805575144027E-012
       1679, 1.35761524038969418E-012
       1680, 1.40729554552375607E-012
       1681, 1.42411564796877168E-012
       1682, 1.46081893180283576E-012
       1683, 1.51095530282666999E-012
       1684, 1.42518061292771694E-012
       1685, 1.41063825971020933E-012
       1686, 1.51295993368058805E-012
       1687, 1.54664236093932113E-012
       1688, 1.46304559862850263E-012
       1689, 1.48344457749649471E-012
       1690, 1.55216389098371835E-012
       1691, 1.45202068327225454E-012
       1692, 1.46165578689658451E-012
       1693, 1.51614267761864558E-012
       1694, 1.50627390328088713E-012
       1695, 1.47333740365494497E-012
       1696, 1.56339794205093266E-012
       1697, 1.54919829214654868E-012
       1698, 1.49179689459082100E-012
       1699, 1.57642491756921631E-012
       1700, 1.46436262415906724E-012
       1701, 1.56675792627691230E-012
       1702, 1.49449369517396208E-012
       1703, 1.54638614225232915E-012
       1704, 1.46868152103237531E-012
       1705, 1.59336488475420706E-012
       1706, 1.45883337874071175E-012
       1707, 1.50753899663096231E-012
       1708, 1.71975391056384489E-012
       1709, 1.51823444347259887E-012
       1710, 1.53285134800867481E-012
       1711, 1.52184599314618373E-012
       1712, 1.54006846518397030E-012
       1713, 1.46933171955276560E-012
       1714, 1.45610520187476447E-012
       1715, 1.51340266816585975E-012
       1716, 1.46082352867923176E-012
       1717, 1.47120736186128978E-012
       1718, 1.49981262294526695E-012
       1719, 1.57518381720850242E-012
       1720, 1.52259381592217207E-012
       1721, 1.55521917977591047E-012
       1722, 1.66564083903046956E-012
       1723, 1.44205583236497649E-012
       1724, 1.54202452818198642E-012
       1725, 1.54305746545836404E-012
       1726, 1.64165462333080912E-012
       1727, 1.61943143016483306E-012
       1728, 1.57318335107521391E-012
       1729, 1.58417044903818540E-012
       1730, 1.47383565712068901E-012
       1731, 1.62262046856022594E-012
       1732, 1.58734435153810566E-012
       1733, 1.55847463825320406E-012
       1734, 1.55911278566774627E-012
       1735, 1.57089603731073481E-012
       1736, 1.45264440497055887E-012
       1737, 1.49323105208634973E-012
       1738, 1.48316996633281085E-012
       1739, 1.61157992646171724E-012
       1740, 1.49346877664112835E-012
       1741, 1.53019900239542611E-012
       1742, 1.65882629392257519E-012
       1743, 1.62407434897133068E-012
       1744, 1.63524151273144525E-012
       1745, 1.71560451746377198E-012
       1746, 1.63047084222198042E-012
       1747, 1.55676610966827825E-012
       1748, 1.57245151832579034E-012
       1749, 1.46802905324111156E-012
       1750, 1.61009654397073706E-012
       1751, 1.65836299494778007E-012
       1752, 1.48072528581605212E-012
       1753, 1.59090645434728659E-012
       1754, 1.56911889567276644E-012
       1755, 1.63949349490529900E-012
       1756, 1.60299225923311773E-012
       1757, 1.76313606245027127E-012
       1758, 1.58487335797378120E-012
       1759, 1.63081974288410100E-012
       1760, 1.58057064035472102E-012
       1761, 1.59139861430937668E-012
       1762, 1.73781450318667677E-012
       1763, 1.57532811621556469E-012
       1764, 1.66278944878354540E-012
       1765, 1.70602824302713113E-012
       1766, 1.61239567476399302E-012
       1767, 1.64561381091724187E-012
       1768, 1.64826237510028580E-012
       1769, 1.70582777369268642E-012
       1770, 1.65374809797177476E-012
       1771, 1.71086794106519527E-012
       1772, 1.72350603066866906E-012
       1773, 1.74381442113360388E-012
       1774, 1.80357130723047853E-012
       1775, 1.68936396709241412E-012
       1776, 1.69844142809710779E-012
       1777, 1.74001127187102949E-012
       1778, 1.62612851934805079E-012
       1779, 1.79217921656686770E-012
       1780, 1.60079905442987072E-012
       1781, 1.64636601855904700E-012
       1782, 1.68695785767791820E-012
       1783, 1.83485129791679283E-012
       1784, 1.76699372461977708E-012
       1785, 1.72181470443939393E-012
       1786, 1.81378282416869337E-012
       1787, 1.74858551973249807E-012
       1788, 1.84043805284383954E-012
       1789, 1.74287669254007089E-012
       1790, 1.71283518651796137E-012
       1791, 1.74934890665227230E-012
       1792, 1.63118245233104093E-012
       1793, 1.52551678212721303E-012
       1794, 1.90101645189748758E-012
       1795, 1.75125683624521562E-012
       1796, 1.57657363765310727E-012
       1797, 1.90604015527620174E-012
       1798, 1.71414924102599094E-012
       1799, 1.75388089649609858E-012
       1800, 1.78250695920507962E-012
       1801, 2.02431538247946137E-012
       1802, 1.90008886633688533E-012
       1803, 1.87174226852783431E-012
       1804, 1.94311206367396131E-012
       1805, 1.78915930461839172E-012
       1806, 1.74218046858977902E-012
       1807, 1.94613965207042684E-012
       1808, 1.81410088045480642E-012
       1809, 1.82922455003851596E-012
       1810, 1.83992084616335314E-012
       1811, 1.77487944812554238E-012
       1812, 2.10423145437498233E-012
       1813, 1.91062688917035971E-012
       1814, 1.91959178676204960E-012
       1815, 1.71466609255254920E-012
       1816, 1.78494508305042825E-012
       1817, 1.85002321684381304E-012
       1818, 1.86932969083246057E-012
       1819, 1.63386363407962104E-012
       1820, 1.86821769365819787E-012
       1821, 1.80092380769501601E-012
       1822, 1.86376409960402492E-012
       1823, 1.82183468530898637E-012
       1824, 2.03890243215190608E-012
       1825, 1.94489822546889560E-012
       1826, 1.84540347974094466E-012
       1827, 1.86234315970637088E-012
       1828, 1.87133921244743519E-012
       1829, 1.83984974188934540E-012
       1830, 1.79773909784397156E-012
       1831, 1.87100400036197098E-012
       1832, 1.92585791847547685E-012
       1833, 1.83650490808460653E-012
       1834, 2.06511876487318893E-012
       1835, 2.01214300376956834E-012
       1836, 2.05177843492710305E-012
       1837, 1.80725475040522249E-012
       1838, 1.88797449362788832E-012
       1839, 1.90764842656162022E-012
       1840, 1.81848864083305852E-012
       1841, 1.95830512543908344E-012
       1842, 2.01631894942832675E-012
       1843, 1.90304817237112168E-012
       1844, 1.69583320856932587E-012
       1845, 1.86499288389406906E-012
       1846, 1.94152582644560204E-012
       1847, 1.93245105618778083E-012
       1848, 1.98923843151558013E-012
       1849, 2.09177359842862880E-012
       1850, 2.08622760925605605E-012
       1851, 1.99397244853333813E-012
       1852, 1.97156031857515037E-012
       1853, 1.81325921534990180E-012
       1854, 2.08157276727920478E-012
       1855, 2.07246867509346615E-012
       1856, 2.07622711560353226E-012
       1857, 1.80762584571743360E-012
       1858, 2.02314801722508303E-012
       1859, 1.92668812957783912E-012
       1860, 1.92113297318435998E-012
       1861, 1.92096712640853954E-012
       1862, 2.03489450621645153E-012
       1863, 1.95612518071380795E-012
       1864, 2.19156595131182384E-012
       1865, 2.11769257473628843E-012
       1866, 1.88890198931665634E-012
       1867, 2.15003924513018090E-012
       1868, 2.05532300232688076E-012
       1869, 2.01347468405895670E-012
       1870, 2.10793505147429715E-012
       1871, 2.00695831009826089E-012
       1872, 2.05630893750335592E-012
       1873, 2.11157640242243530E-012
       1874, 2.02627958633258753E-012
       1875, 2.00248826387785762E-012
       1876, 1.99060016630634198E-012
       1877, 2.00642210853393256E-012
       1878, 1.99187959880420537E-012
       1879, 2.10421008306106331E-012
       1880, 2.06754600043650632E-012
       1881, 2.10986709432264841E-012
       1882, 2.10235096445378362E-012
       1883, 1.86740297754437768E-012
       1884, 2.06623804829611333E-012
       1885, 2.22488786621664952E-012
       1886, 1.96946519250755810E-012
       1887, 2.07387762480875234E-012
       1888, 2.02941116029453353E-012
       1889, 2.09013307410455140E-012
       1890, 2.05982477064169797E-012
       1891, 2.04935248001960758E-012
       1892, 2.10727304738746263E-012
       1893, 1.94885839065329864E-012
       1894, 1.96018554301196224E-012
       1895, 2.17714534640441795E-012
       1896, 2.15719432903986296E-012
       1897, 2.18322023478035838E-012
       1898, 2.16423782626937694E-012
       1899, 2.09698467301578484E-012
       1900, 1.96588501988973813E-012
       1901, 2.24138451924177490E-012
       1902, 2.03587318648429906E-012
       1903, 1.96526964002716840E-012
       1904, 2.08431190059990942E-012
       1905, 2.08573028143380353E-012
       1906, 2.08767223094147537E-012
       1907, 2.23458289544000775E-012
       1908, 2.27559080505542060E-012
       1909, 2.19417515676381778E-012
       1910, 2.09615170426544112E-012
       1911, 2.14278728494697454E-012
       1912, 2.37092020095286105E-012
       1913, 2.17643151707864332E-012
       1914, 2.34646934637944361E-012
       1915, 2.23863988219010447E-012
       1916, 2.14807803205329592E-012
       1917, 2.18144778167845158E-012
       1918, 2.27653821720877218E-012
       1919, 2.39285191539551276E-012
       1920, 2.04094263288587658E-012
       1921, 2.35335664013163156E-012
       1922, 2.34319146539583318E-012
       1923, 2.14821293248905281E-012
       1924, 2.26338732306063768E-012
       1925, 2.33197187121275526E-012
       1926, 2.31790696832486333E-012
       1927, 2.15779291057609816E-012
       1928, 2.29068465189353108E-012
       1929, 2.34897402142994314E-012
       1930, 2.29873580446447386E-012
       1931, 2.16869644802018098E-012
       1932, 2.28003726178301948E-012
       1933, 2.20980813788331540E-012
       1934, 2.38112024255500169E-012
       1935, 2.46305578414455982E-012
       1936, 2.38192585575663115E-012
       1937, 2.67327225712109739E-012
       1938, 2.12835783010820903E-012
       1939, 2.21357857275253082E-012
       1940, 2.17716881428752380E-012
       1941, 2.43649113305149749E-012
       1942, 2.40403525619999335E-012
       1943, 2.26268302824372772E-012
       1944, 2.29756879531895824E-012
       1945, 2.44326179404563130E-012
       1946, 2.27906788749654092E-012
       1947, 2.36203385442724066E-012
       1948, 2.55766077312983013E-012
       1949, 2.29917036234327350E-012
       1950, 2.58945470162026701E-012
       1951, 2.42809785866537496E-012
       1952, 2.25757916663986497E-012
       1953, 2.65744549081612504E-012
       1954, 2.52994042496210182E-012
       1955, 2.70210679518342004E-012
       1956, 2.47856724492011022E-012
       1957, 2.49071553488232794E-012
       1958, 2.58349494633043451E-012
       1959, 2.56133966180281465E-012
       1960, 2.43232472406007299E-012
       1961, 2.51046359466856190E-012
       1962, 2.56470129976075751E-012
       1963, 2.69791592924727109E-012
       1964, 2.51869326533129011E-012
       1965, 2.62281204771286033E-012
       1966, 2.55500317002301231E-012
       1967, 2.65746586152595527E-012
       1968, 2.59777926552446337E-012
       1969, 2.68041557740982822E-012
       1970, 2.56796601261857332E-012
       1971, 2.48931860081309768E-012
       1972, 2.59416873020938732E-012
       1973, 2.32487868099735886E-012
       1974, 2.76610666929533630E-012
       1975, 2.56711819285805821E-012
       1976, 2.47638766331581089E-012
       1977, 2.55283525558673135E-012
       1978, 2.89516748490612663E-012
       1979, 2.47921714130466365E-012
       1980, 2.62679842520104323E-012
       1981, 2.95525078833265827E-012
       1982, 2.74692237495193338E-012
       1983, 2.78932856631026387E-012
       1984, 2.74982691131939682E-012
       1985, 2.73135651754085621E-012
       1986, 2.66909815581928200E-012
       1987, 2.88998958012093830E-012
       1988, 2.88326724717598289E-012
       1989, 2.73731771246044213E-012
       1990, 2.88874885292301630E-012
       1991, 2.71025951664546201E-012
       1992, 2.77465854177571898E-012
       1993, 3.16272526132669912E-012
       1994, 2.71121243011703449E-012
       1995, 2.86178194292936177E-012
       1996, 2.75720837862950212E-012
       1997, 2.83613572620313584E-012
       1998, 2.93784670475316818E-012
       1999, 3.20931133703134983E-012
       2000, 2.94872029948460039E-012
       2001, 2.85589285200076925E-012
       2002, 2.96594678224386019E-012
       2003, 2.87167674982087004E-012
       2004, 2.79446705582109355E-012
       2005, 3.04502042591611195E-012
       2006, 3.10619061005073402E-012
       2007, 3.48474852068071207E-012
       2008, 3.10313292298050921E-012
       2009, 3.12652170357655536E-012
       2010, 3.05021616195098038E-012
       2011, 3.35283995496918984E-012
       2012, 2.64224668105526872E-012
       2013, 3.20101989484939509E-012
       2014, 3.32742977909678522E-012
       2015, 3.30148552187477527E-012
       2016, 3.26225204654711925E-012
       2017, 3.22466693602628452E-012
       2018, 3.15760808979422463E-012
       2019, 3.10870007249103146E-012
       2020, 3.26337080975204756E-012
       2021, 3.46257676404083808E-012
       2022, 3.48995442717970918E-012
       2023, 3.30039959117875099E-012
       2024, 3.46384503891744223E-012
       2025, 3.24223433707217565E-012
       2026, 3.43771304587520535E-012
       2027, 3.39494921095098408E-012
       2028, 3.57347538454686343E-012
       2029, 3.56397909603298134E-012
       2030, 3.32295815480648315E-012
       2031, 3.58735094228881574E-012
       2032, 3.55325588840274061E-012
       2033, 3.59689412834334246E-012
       2034, 3.91500599203483838E-012
       2035, 4.32071519049466427E-012
       2036, 3.57864027719293572E-012
       2037, 4.09335692956072299E-012
       2038, 4.53511003190302422E-012
       2039, 3.92368203615037977E-012
       2040, 4.55437453959936047E-012
       2041, 4.13333360860430423E-012
       2042, 4.16109585566696928E-012
       2043, 3.62484638262458958E-012
       2044, 3.91217285873374602E-012
       2045, 3.64101663959887210E-012
       2046, 4.55625784561512909E-012
       2047, 6.86268569762074871E-012
       2048, 5.79485899061146495E-012
      -1023, 7.07537335747576140E-012
          0, 9.96932424417357898E-014
