         0, 2147483647,  1009, 5.92706794675678526E+303
         1,    2098158,  1009, 1.05024436418461534E+304
         2,    2098119,  1009, 1.05024436418461534E+304
         3,    2098079,  1009, 1.05024436418461534E+304
         4,    2098070,  1009, 1.05024436418461534E+304
         5,    2097862,  1009, 1.05024436418461534E+304
         6,    2097274,  1009, 1.05024436418461534E+304
         7,    2096579,  1009, 1.05024436418461534E+304
         8,    2096223,  1009, 1.05024436418461534E+304
         9,    2028768,  1009, 1.05024436418461534E+304
        10,     655039,  1009, 1.05024436418461534E+304
        11,     162180,  1009, 1.05024436418461534E+304
        12,      19373,  1009, 1.05024436418461534E+304
        13,        120,  1009, 1.05024436418461534E+304
        14,          9,  1009, 1.05024436418461534E+304
        15,          0,  1009, 1.05024436418461534E+304
"j", "||(G*V)j - (U*Σ)j||_F / Σj"
          1, 8.15635333595888637E-013
          2, 7.52885145149441931E-013
          3, 7.91582696874949197E-013
          4, 8.12196813556329120E-013
          5, 7.85869688109905029E-013
          6, 7.22882082665534064E-013
          7, 7.44011148272454631E-013
          8, 7.55288978014639770E-013
          9, 7.65848790011910756E-013
         10, 8.08351599652410769E-013
         11, 8.01241301287314439E-013
         12, 7.92688962886479376E-013
         13, 8.38067843446773429E-013
         14, 7.41915391797099477E-013
         15, 7.65662849227183915E-013
         16, 8.31007732937667173E-013
         17, 7.97704368123667687E-013
         18, 8.17405882043473096E-013
         19, 8.01661152270731543E-013
         20, 7.70942461121917152E-013
         21, 7.70618394285847019E-013
         22, 8.48391787639975888E-013
         23, 7.64030192879130415E-013
         24, 7.43532264214877037E-013
         25, 7.92895357038002250E-013
         26, 7.99057814808717110E-013
         27, 8.38870189450914003E-013
         28, 7.79143945512492174E-013
         29, 7.43840077371837445E-013
         30, 8.42956768354500157E-013
         31, 7.62486392007529756E-013
         32, 7.60564214213167234E-013
         33, 7.80636061474730777E-013
         34, 7.97349156192424865E-013
         35, 8.22562340850004758E-013
         36, 8.06659860737241804E-013
         37, 7.79117298875547389E-013
         38, 8.13764721571980030E-013
         39, 8.31242797914258533E-013
         40, 8.47521644562558688E-013
         41, 8.19054375604758319E-013
         42, 7.81974394956237402E-013
         43, 7.86422877193880428E-013
         44, 7.37875796988964101E-013
         45, 7.92178395832850420E-013
         46, 8.37514536946213714E-013
         47, 7.87966405986530625E-013
         48, 7.91754205556705354E-013
         49, 7.60040272011649001E-013
         50, 8.63188523084710080E-013
         51, 7.96203719068317524E-013
         52, 8.31168435026180657E-013
         53, 7.82432026505258776E-013
         54, 8.28895800328390633E-013
         55, 8.12067517424842395E-013
         56, 7.97409499585294177E-013
         57, 8.54812509027666037E-013
         58, 8.30749072590077282E-013
         59, 7.72213762420192065E-013
         60, 7.38412270764811617E-013
         61, 8.39996513502246504E-013
         62, 8.18729501632607042E-013
         63, 8.25476726649592174E-013
         64, 8.37085678527537620E-013
         65, 7.88133348181670424E-013
         66, 8.03762413882008252E-013
         67, 8.01584949746863985E-013
         68, 8.03139859421625813E-013
         69, 8.36359923662817041E-013
         70, 8.12703535903866840E-013
         71, 8.07036549729259696E-013
         72, 7.93902405507307178E-013
         73, 8.60603085450400886E-013
         74, 8.45775054464036814E-013
         75, 8.17919839768263050E-013
         76, 7.79258409738380932E-013
         77, 7.77793683792321402E-013
         78, 8.39215372571327937E-013
         79, 8.13919314850667200E-013
         80, 8.19133831396687996E-013
         81, 8.24250868426199022E-013
         82, 8.01813161010532465E-013
         83, 8.62831211316317734E-013
         84, 8.30288453562833610E-013
         85, 8.44065890628610542E-013
         86, 8.29844181393656308E-013
         87, 8.24154228001967480E-013
         88, 8.34153914767227612E-013
         89, 8.51993979857626589E-013
         90, 8.43989218917833224E-013
         91, 7.95577102035913298E-013
         92, 8.93180060618323618E-013
         93, 7.77303292689406440E-013
         94, 7.84902427657110119E-013
         95, 7.78277689094657475E-013
         96, 8.51230305945219562E-013
         97, 7.87300614635540869E-013
         98, 7.68752821578607155E-013
         99, 8.31615065620292304E-013
        100, 8.62224792215090316E-013
        101, 8.65200911499093799E-013
        102, 7.98827842706352529E-013
        103, 8.06068623199338001E-013
        104, 8.38448701458614450E-013
        105, 7.97437612847736872E-013
        106, 8.30591403710593993E-013
        107, 9.14749243544525875E-013
        108, 7.13920930694301118E-013
        109, 8.32652221486777402E-013
        110, 8.77717150807946634E-013
        111, 8.53525333602797143E-013
        112, 8.54634644170402146E-013
        113, 8.06584173604157727E-013
        114, 8.99686072935710230E-013
        115, 8.41504263615744403E-013
        116, 8.30072146807241916E-013
        117, 8.47821252739822553E-013
        118, 8.72409518861577840E-013
        119, 8.11387718169725565E-013
        120, 8.23008014352226026E-013
        121, 8.21620765104775010E-013
        122, 8.43838602218635290E-013
        123, 9.26747856150599425E-013
        124, 9.46588882600556596E-013
        125, 8.25662972331081800E-013
        126, 8.61649221646926781E-013
        127, 8.32196155967074575E-013
        128, 8.32873613300974506E-013
        129, 8.48451776669640943E-013
        130, 9.15488946747251353E-013
        131, 8.43150744038649806E-013
        132, 8.23066322419832167E-013
        133, 8.94346803993468652E-013
        134, 8.12006439869924107E-013
        135, 8.73932344383126114E-013
        136, 8.24910219837583967E-013
        137, 8.48642260894949625E-013
        138, 8.35309511238630975E-013
        139, 9.17571806127193092E-013
        140, 8.35021832555011164E-013
        141, 8.61284903475329917E-013
        142, 8.32232444609210007E-013
        143, 8.34295318500297794E-013
        144, 8.60509839592589682E-013
        145, 8.35630234863836357E-013
        146, 8.24610423607001999E-013
        147, 8.34658346098999930E-013
        148, 9.09196663106451823E-013
        149, 8.45062978403785553E-013
        150, 8.46782908909151222E-013
        151, 8.66603357780999618E-013
        152, 7.94461826927855563E-013
        153, 8.31481892715266615E-013
        154, 8.79634558905230141E-013
        155, 9.20566555004354668E-013
        156, 8.42022500185694586E-013
        157, 8.51520855508226069E-013
        158, 8.93189772723977027E-013
        159, 8.91342766867123264E-013
        160, 9.44238823934308191E-013
        161, 8.73876427133567355E-013
        162, 8.08278833127518840E-013
        163, 9.06575221819112629E-013
        164, 8.79777329097574959E-013
        165, 8.67035184303673904E-013
        166, 8.44420298298478900E-013
        167, 8.53056264915774179E-013
        168, 9.25558092105898214E-013
        169, 9.33230485773303821E-013
        170, 8.63797320174073599E-013
        171, 8.28076361602544338E-013
        172, 8.48183027251291546E-013
        173, 7.93928907988801407E-013
        174, 8.44033508349993263E-013
        175, 8.82489531603994468E-013
        176, 9.26363780659648573E-013
        177, 9.43474571468508918E-013
        178, 9.36227308241309290E-013
        179, 8.96586603592653988E-013
        180, 8.45455189067596182E-013
        181, 8.44753504194418529E-013
        182, 9.19725706261679186E-013
        183, 8.67986163477950159E-013
        184, 8.78089437176569680E-013
        185, 8.97106471570359623E-013
        186, 9.70442927544603378E-013
        187, 8.85366069930202199E-013
        188, 8.04339676437232977E-013
        189, 8.40024328656986048E-013
        190, 1.00101160874935784E-012
        191, 9.48898660900982692E-013
        192, 8.78371266206912318E-013
        193, 8.90227133208601015E-013
        194, 8.93913436892157091E-013
        195, 9.73409388846237698E-013
        196, 9.23255833776450982E-013
        197, 9.15089989719677059E-013
        198, 9.48749192063457804E-013
        199, 8.79754830331321645E-013
        200, 9.40179291103542395E-013
        201, 9.00196721335482923E-013
        202, 9.24335394943487171E-013
        203, 8.75590783230045673E-013
        204, 9.72390739764151948E-013
        205, 9.21257959555037585E-013
        206, 9.05470495358170337E-013
        207, 8.84664127481538553E-013
        208, 8.69108835141758010E-013
        209, 8.86022769025918430E-013
        210, 9.35408641779457442E-013
        211, 9.08729240520419584E-013
        212, 9.08452422908549065E-013
        213, 9.37132518006450767E-013
        214, 8.68907837826011796E-013
        215, 8.98212198047706660E-013
        216, 8.96524838445291105E-013
        217, 9.17078348016257942E-013
        218, 9.11962790349615680E-013
        219, 8.43909501838393361E-013
        220, 8.95366739333463988E-013
        221, 9.28331311902671487E-013
        222, 8.64576332160772343E-013
        223, 1.05568327562334590E-012
        224, 9.71778714460912007E-013
        225, 8.28030128611823892E-013
        226, 9.10210190692784205E-013
        227, 8.95911463602900855E-013
        228, 9.08043675614687422E-013
        229, 8.44497729529719780E-013
        230, 8.85057655489264576E-013
        231, 8.77047499433010760E-013
        232, 9.06480273800715691E-013
        233, 9.95741974000633630E-013
        234, 1.01531346572981114E-012
        235, 9.17572600386890289E-013
        236, 9.05838844274949036E-013
        237, 9.73162555682145484E-013
        238, 9.69212731059398915E-013
        239, 9.26610727540853112E-013
        240, 9.40007369951613576E-013
        241, 8.82159388421891378E-013
        242, 8.42287787960378087E-013
        243, 9.33892766231012038E-013
        244, 9.13826469418559982E-013
        245, 9.35967286867536561E-013
        246, 9.68880464951624266E-013
        247, 8.91988310698016676E-013
        248, 9.24192305420558011E-013
        249, 9.14646573453532316E-013
        250, 9.82155529963802580E-013
        251, 9.31795487953357931E-013
        252, 9.34435174060875604E-013
        253, 8.97978959947592940E-013
        254, 9.29039928036512785E-013
        255, 8.97407653105408349E-013
        256, 1.05446072126745871E-012
        257, 8.99925469297544788E-013
        258, 9.35385305608881542E-013
        259, 9.11124113524690189E-013
        260, 9.04813444137661675E-013
        261, 9.37982949280016920E-013
        262, 9.74847154105125928E-013
        263, 9.07678143897525284E-013
        264, 9.59035524464428384E-013
        265, 9.58571976006054132E-013
        266, 9.62329567226646487E-013
        267, 9.06150753682371666E-013
        268, 8.96702316912587029E-013
        269, 9.86044059146040534E-013
        270, 9.39567449355931998E-013
        271, 9.64244994984176288E-013
        272, 9.14995716362260758E-013
        273, 8.95885793882704052E-013
        274, 9.01259964433112223E-013
        275, 9.17080552354694095E-013
        276, 9.22690951401476322E-013
        277, 9.44195136813203989E-013
        278, 9.23479467037614675E-013
        279, 9.04763593405934091E-013
        280, 9.61291065462508028E-013
        281, 1.02594652333799755E-012
        282, 9.42657165022037258E-013
        283, 8.62449217895485045E-013
        284, 9.78030542418089100E-013
        285, 9.06919764420862926E-013
        286, 8.48698332117258235E-013
        287, 9.49133321669942022E-013
        288, 9.55193720124559929E-013
        289, 9.52450032958257074E-013
        290, 9.39475616872432535E-013
        291, 9.12800955526277402E-013
        292, 9.38499468696926939E-013
        293, 9.11388490400515434E-013
        294, 9.14856401058799811E-013
        295, 8.84176244019127663E-013
        296, 9.35944502934646296E-013
        297, 1.01063463400907260E-012
        298, 8.80228601015266435E-013
        299, 9.00575901959815379E-013
        300, 8.82931189002928036E-013
        301, 1.00840428102024803E-012
        302, 9.14040143307307005E-013
        303, 9.99705007617760039E-013
        304, 9.64234856104552526E-013
        305, 9.88258574227949538E-013
        306, 9.94225828818513406E-013
        307, 9.80272077164507509E-013
        308, 9.80336507020623798E-013
        309, 9.61379967240875687E-013
        310, 9.82970801313195729E-013
        311, 1.01202995216047363E-012
        312, 8.55624860056394090E-013
        313, 9.76079369716787996E-013
        314, 9.24703095172827249E-013
        315, 9.35060053277607135E-013
        316, 9.23263257671319554E-013
        317, 9.72595029141236794E-013
        318, 9.39900056955553453E-013
        319, 9.93839933343654205E-013
        320, 9.48966855293821164E-013
        321, 8.92570453673942037E-013
        322, 9.18069788643088303E-013
        323, 9.54287485159528534E-013
        324, 1.01070818205374693E-012
        325, 9.56139888364554332E-013
        326, 9.51220496417243625E-013
        327, 9.61629969650049848E-013
        328, 9.08947130531345281E-013
        329, 9.53007280423257859E-013
        330, 9.85708216372035502E-013
        331, 9.94618393074081498E-013
        332, 9.21010746976857980E-013
        333, 1.01417061442007831E-012
        334, 9.78768444330094119E-013
        335, 9.96833467384344284E-013
        336, 9.91021242567256996E-013
        337, 8.75387849771394663E-013
        338, 1.00125206810862401E-012
        339, 9.70173571694886306E-013
        340, 1.03037403489197797E-012
        341, 1.01613147405022912E-012
        342, 9.97990576007463173E-013
        343, 9.85053611145928757E-013
        344, 1.06402120448826063E-012
        345, 9.99671075120067947E-013
        346, 1.00938313205269849E-012
        347, 9.41733061182970559E-013
        348, 9.24560309928828851E-013
        349, 1.00379918632579224E-012
        350, 9.66282525094530267E-013
        351, 9.75550350315414528E-013
        352, 1.03779139034833521E-012
        353, 9.34851547302216354E-013
        354, 1.00183879211711054E-012
        355, 1.09702286118800768E-012
        356, 9.39126207559842004E-013
        357, 9.91200325251785461E-013
        358, 1.04681948853558740E-012
        359, 1.01072989169989446E-012
        360, 9.77815630887881563E-013
        361, 9.51518999508563836E-013
        362, 9.44846450613924856E-013
        363, 1.00638193842568287E-012
        364, 1.02424112632654822E-012
        365, 1.02833375622292949E-012
        366, 9.59056155161900205E-013
        367, 9.25105276946477132E-013
        368, 1.04410003751440880E-012
        369, 1.05418289572971070E-012
        370, 1.00233127406471132E-012
        371, 9.79135320753749240E-013
        372, 9.91052663629060768E-013
        373, 1.01279970962171411E-012
        374, 1.00294523128908727E-012
        375, 9.58634164879580221E-013
        376, 9.90548947052871047E-013
        377, 1.03027302799899919E-012
        378, 9.50072067883675117E-013
        379, 1.00165442243760429E-012
        380, 9.96749729620963724E-013
        381, 9.72406502991137291E-013
        382, 9.97267986203753151E-013
        383, 1.02822068584013672E-012
        384, 1.03331288291165864E-012
        385, 1.06360206617674412E-012
        386, 1.06668017332029966E-012
        387, 1.02074494944493089E-012
        388, 9.87324540456678412E-013
        389, 9.74080782237058784E-013
        390, 1.01661873531439621E-012
        391, 1.09491270281987463E-012
        392, 9.35750781104662360E-013
        393, 9.99195076023143666E-013
        394, 1.06489284054785939E-012
        395, 1.02097582665037029E-012
        396, 1.06534356723390600E-012
        397, 1.01952239002733772E-012
        398, 1.00874154385915965E-012
        399, 1.01895893700944608E-012
        400, 1.10873600881055121E-012
        401, 1.10329314487226703E-012
        402, 1.00040447073766090E-012
        403, 1.04277940477282949E-012
        404, 1.00422111981285012E-012
        405, 1.03685530405843869E-012
        406, 9.86744317955392212E-013
        407, 9.71347007618389766E-013
        408, 1.04788940311972556E-012
        409, 1.10952488925163905E-012
        410, 1.04782059606984258E-012
        411, 1.01151272445606792E-012
        412, 1.11713381303410774E-012
        413, 1.02905995052789616E-012
        414, 9.71672980483724945E-013
        415, 1.05087900120824480E-012
        416, 1.00988493626178833E-012
        417, 1.04081517496296513E-012
        418, 1.06107686064177850E-012
        419, 1.04112670515967129E-012
        420, 1.16132964466430080E-012
        421, 1.05680431446794968E-012
        422, 1.13194417057089302E-012
        423, 1.00848490846014417E-012
        424, 1.11267414453925381E-012
        425, 1.05190498328034797E-012
        426, 9.84525316300411013E-013
        427, 1.05974915831916355E-012
        428, 1.10218030135040994E-012
        429, 1.13526992647000014E-012
        430, 1.14913276708179759E-012
        431, 1.05947320434841877E-012
        432, 1.14328066848697225E-012
        433, 1.07174898886403070E-012
        434, 1.05906837963713425E-012
        435, 1.03937702757272463E-012
        436, 1.04269187544763936E-012
        437, 1.13012755895446232E-012
        438, 1.04513951080162357E-012
        439, 1.06371309158586740E-012
        440, 1.11850488545354014E-012
        441, 1.13773026168949466E-012
        442, 1.09784942408856155E-012
        443, 1.08476810699876339E-012
        444, 1.10830617175894901E-012
        445, 1.05332862176537113E-012
        446, 1.06124790451119138E-012
        447, 1.07983969716235832E-012
        448, 1.10748252173485588E-012
        449, 1.13922942993912356E-012
        450, 1.00774785384351006E-012
        451, 1.13517504851283991E-012
        452, 1.12935307448103665E-012
        453, 1.09165043271970946E-012
        454, 1.07265864089870158E-012
        455, 1.15484182783506704E-012
        456, 1.14538424988494388E-012
        457, 1.04880619632843332E-012
        458, 1.08917257941759821E-012
        459, 1.14341177466689813E-012
        460, 1.02746519985533116E-012
        461, 1.02807163830198514E-012
        462, 1.07708428386665817E-012
        463, 1.10848472927802650E-012
        464, 1.13551730793760420E-012
        465, 1.21629344402639952E-012
        466, 1.12649859013067354E-012
        467, 1.13231123166478074E-012
        468, 1.11711213655639947E-012
        469, 1.18760091389314949E-012
        470, 1.18731998382104397E-012
        471, 1.12056898395146582E-012
        472, 1.07785588305955741E-012
        473, 1.12026251789145453E-012
        474, 1.13284121935716303E-012
        475, 1.12759678574240349E-012
        476, 1.11107294710372656E-012
        477, 1.05981871010054583E-012
        478, 1.17751944834621362E-012
        479, 1.07919200227220285E-012
        480, 1.14377792056250843E-012
        481, 1.11146935697011155E-012
        482, 1.11111360718439033E-012
        483, 1.11384277992452589E-012
        484, 1.17246896457234165E-012
        485, 1.17754693778023532E-012
        486, 1.14701917390370520E-012
        487, 1.26193973419213323E-012
        488, 1.21219838485284443E-012
        489, 1.10315034826446158E-012
        490, 1.12900365747553636E-012
        491, 1.24807221797852445E-012
        492, 1.23053610021979649E-012
        493, 1.14840383296736006E-012
        494, 1.17488140570653905E-012
        495, 1.18535184839417106E-012
        496, 1.08154524461267431E-012
        497, 1.24210954535329856E-012
        498, 1.18217290198396024E-012
        499, 1.09899303979459284E-012
        500, 1.15941691494544958E-012
        501, 1.22440020830014779E-012
        502, 1.06881461744926677E-012
        503, 1.13374544088801414E-012
        504, 1.04705557178153682E-012
        505, 1.20634182423983084E-012
        506, 1.28000646797724882E-012
        507, 1.25035042381522943E-012
        508, 1.07201837588235875E-012
        509, 1.06565860305712820E-012
        510, 1.22317179959983841E-012
        511, 1.19961850372615668E-012
        512, 1.07218054603178387E-012
        513, 1.09023346003618203E-012
        514, 1.21972003482695939E-012
        515, 1.18474261233850889E-012
        516, 1.19812879141315477E-012
        517, 1.22237013951291862E-012
        518, 1.19382819285097174E-012
        519, 1.13398014227549731E-012
        520, 1.17144418841323920E-012
        521, 1.26319227987234533E-012
        522, 1.17761763634350238E-012
        523, 1.23827807749668105E-012
        524, 1.27512600862690910E-012
        525, 1.18255105857497534E-012
        526, 1.23598950359910200E-012
        527, 1.15018281824979429E-012
        528, 1.21068745341478666E-012
        529, 1.37887130647346267E-012
        530, 1.25414031579664990E-012
        531, 1.22814296176957544E-012
        532, 1.30900714713992455E-012
        533, 1.22716395865715239E-012
        534, 1.15936424224131833E-012
        535, 1.22321708017853337E-012
        536, 1.26250449508999411E-012
        537, 1.25149060729871507E-012
        538, 1.32699592308558152E-012
        539, 1.26380987427248089E-012
        540, 1.16661284833362087E-012
        541, 1.21220840230587625E-012
        542, 1.25830070531899873E-012
        543, 1.16986601963751680E-012
        544, 1.24260916523339957E-012
        545, 1.11919460078854004E-012
        546, 1.22834719829312160E-012
        547, 1.21609213592261377E-012
        548, 1.25121889983231333E-012
        549, 1.22843237209512789E-012
        550, 1.33994142854266013E-012
        551, 1.20961593171579389E-012
        552, 1.16030544443857205E-012
        553, 1.28675212319499008E-012
        554, 1.30949286532066241E-012
        555, 1.16242609302157305E-012
        556, 1.21178983162109020E-012
        557, 1.19641885576868793E-012
        558, 1.21021468018988911E-012
        559, 1.25924196082742537E-012
        560, 1.16321611040402686E-012
        561, 1.17193952087172299E-012
        562, 1.29021787052448933E-012
        563, 1.24854685859942232E-012
        564, 1.25971105837512847E-012
        565, 1.24391522070740910E-012
        566, 1.22686216585813288E-012
        567, 1.17135758921964729E-012
        568, 1.13463033036390071E-012
        569, 1.32190342295374157E-012
        570, 1.27597660096127539E-012
        571, 1.20017544725733772E-012
        572, 1.23022017113609525E-012
        573, 1.15553660222523540E-012
        574, 1.24441319371095668E-012
        575, 1.19662041673388059E-012
        576, 1.29059724902195263E-012
        577, 1.21922508172476394E-012
        578, 1.20129547211248449E-012
        579, 1.28679607819217590E-012
        580, 1.24672341489541945E-012
        581, 1.32898590129279043E-012
        582, 1.29805891469412081E-012
        583, 1.20661234041957192E-012
        584, 1.34406989387962692E-012
        585, 1.22648722886523524E-012
        586, 1.26351472701380436E-012
        587, 1.40233508362275451E-012
        588, 1.13225616027485312E-012
        589, 1.17402993822971604E-012
        590, 1.30006173442189879E-012
        591, 1.28976449896247612E-012
        592, 1.30008843720780377E-012
        593, 1.43019123698698716E-012
        594, 1.36279076972660701E-012
        595, 1.32270347072073720E-012
        596, 1.26669699091183338E-012
        597, 1.26035464539746734E-012
        598, 1.37815814207488029E-012
        599, 1.17869526083121997E-012
        600, 1.20868585926914320E-012
        601, 1.26414134576978752E-012
        602, 1.30573550767228807E-012
        603, 1.27394767360594693E-012
        604, 1.26159104122126310E-012
        605, 1.18759277229173351E-012
        606, 1.25928791567741983E-012
        607, 1.13572643724963813E-012
        608, 1.23424041923178408E-012
        609, 1.13657365400598518E-012
        610, 1.18053816882441504E-012
        611, 1.27076718270832390E-012
        612, 1.27609435411422164E-012
        613, 1.36947016546898822E-012
        614, 1.19007187636463402E-012
        615, 1.12148459629099687E-012
        616, 1.29470881952124189E-012
        617, 1.25064044967049259E-012
        618, 1.30188384945073945E-012
        619, 1.34025200001500538E-012
        620, 1.25745298508742492E-012
        621, 1.29024763094549588E-012
        622, 1.27068703481481746E-012
        623, 1.28162390093303103E-012
        624, 1.30055409194132081E-012
        625, 1.19626410262298178E-012
        626, 1.30706491984141261E-012
        627, 1.26107958809111049E-012
        628, 1.23875919071653826E-012
        629, 1.29703653518799456E-012
        630, 1.18001560559752690E-012
        631, 1.39600698343349156E-012
        632, 1.33046528806190301E-012
        633, 1.33833503361760608E-012
        634, 1.27802204120777732E-012
        635, 1.31373413890667805E-012
        636, 1.35683692142915313E-012
        637, 1.28311335023175142E-012
        638, 1.37831508638198272E-012
        639, 1.21087112880071509E-012
        640, 1.36696815365547362E-012
        641, 1.31772282171811243E-012
        642, 1.22362501194273316E-012
        643, 1.26800563431423229E-012
        644, 1.23785046487885864E-012
        645, 1.25920590512855847E-012
        646, 1.37366559778824044E-012
        647, 1.39977684892985661E-012
        648, 1.29366185192647095E-012
        649, 1.30251950000647982E-012
        650, 1.21729998002887993E-012
        651, 1.34934872675872853E-012
        652, 1.31713804751359652E-012
        653, 1.34940926684929201E-012
        654, 1.22081611864095819E-012
        655, 1.23936541563491675E-012
        656, 1.28980175904930927E-012
        657, 1.27303508235285308E-012
        658, 1.34821403703561854E-012
        659, 1.35427752612732373E-012
        660, 1.28856320412924739E-012
        661, 1.39891537378418103E-012
        662, 1.28667611883861001E-012
        663, 1.26058053257355842E-012
        664, 1.31778774801528765E-012
        665, 1.36080266183759912E-012
        666, 1.28185957532274070E-012
        667, 1.24540173459734419E-012
        668, 1.37859126963282043E-012
        669, 1.36591824853146956E-012
        670, 1.31548701615329929E-012
        671, 1.36792151812545780E-012
        672, 1.35419196685735506E-012
        673, 1.34492140360281352E-012
        674, 1.25417443708691460E-012
        675, 1.24496513848294797E-012
        676, 1.27960386746398005E-012
        677, 1.33637193761712784E-012
        678, 1.32951653165748338E-012
        679, 1.32756825520887806E-012
        680, 1.39453528592536976E-012
        681, 1.34571651233780884E-012
        682, 1.24760352633296184E-012
        683, 1.42604126341771001E-012
        684, 1.40272925939896471E-012
        685, 1.27442796607923362E-012
        686, 1.30329346149317576E-012
        687, 1.35485069814494734E-012
        688, 1.42070173040359449E-012
        689, 1.48030808119307164E-012
        690, 1.28981703060713299E-012
        691, 1.25310460603088197E-012
        692, 1.28830037340310065E-012
        693, 1.36471911619128233E-012
        694, 1.27078333450833801E-012
        695, 1.43350316358171648E-012
        696, 1.38338785757656768E-012
        697, 1.42641006057269988E-012
        698, 1.31500939897687787E-012
        699, 1.36938664369654241E-012
        700, 1.32302608724494992E-012
        701, 1.34773762368575774E-012
        702, 1.26335340727173043E-012
        703, 1.33374369382026415E-012
        704, 1.35047409121131176E-012
        705, 1.42455653896253889E-012
        706, 1.25159545482306057E-012
        707, 1.45083627687043427E-012
        708, 1.28440858570708438E-012
        709, 1.40517434602817884E-012
        710, 1.38723546494879657E-012
        711, 1.46141833929847048E-012
        712, 1.35536118731406538E-012
        713, 1.36344788219311535E-012
        714, 1.37902865439899139E-012
        715, 1.22126553670448485E-012
        716, 1.41939005356406610E-012
        717, 1.49480941604754241E-012
        718, 1.45831499529598514E-012
        719, 1.42070642502612633E-012
        720, 1.38873243727242807E-012
        721, 1.49175925529015613E-012
        722, 1.40334573111524532E-012
        723, 1.34415097088432655E-012
        724, 1.32544035011175224E-012
        725, 1.47620878048651384E-012
        726, 1.34918533628519072E-012
        727, 1.45719695558353391E-012
        728, 1.41907529383003089E-012
        729, 1.46412643185172654E-012
        730, 1.44573751544364079E-012
        731, 1.30918744183850873E-012
        732, 1.51721849523200313E-012
        733, 1.46170705956962419E-012
        734, 1.38603957555492427E-012
        735, 1.44393850101570261E-012
        736, 1.38304467826100023E-012
        737, 1.42559475415557112E-012
        738, 1.34196003793526431E-012
        739, 1.43661575566482178E-012
        740, 1.35247089032930555E-012
        741, 1.50100515766777799E-012
        742, 1.41118185046071548E-012
        743, 1.43947126646521027E-012
        744, 1.40707224369168969E-012
        745, 1.43263151650230450E-012
        746, 1.50248284080307405E-012
        747, 1.39040929975316669E-012
        748, 1.40622351293857965E-012
        749, 1.47338799528849889E-012
        750, 1.39035990685234833E-012
        751, 1.46135109117621162E-012
        752, 1.41362031937025477E-012
        753, 1.45432221652110315E-012
        754, 1.43614034300299429E-012
        755, 1.54771918850487715E-012
        756, 1.44047460914212943E-012
        757, 1.51172684181302478E-012
        758, 1.36338552719218387E-012
        759, 1.40506576656134429E-012
        760, 1.58209829332690632E-012
        761, 1.49549942105688991E-012
        762, 1.47521454354107159E-012
        763, 1.48898179015293928E-012
        764, 1.52314009811481476E-012
        765, 1.39438956368493504E-012
        766, 1.50829359982809536E-012
        767, 1.45217952106824385E-012
        768, 1.56390927422581724E-012
        769, 1.52418752204537606E-012
        770, 1.37699961146638599E-012
        771, 1.46197986057590955E-012
        772, 1.48984381767600374E-012
        773, 1.51686538798587767E-012
        774, 1.52504764751610274E-012
        775, 1.43810051446594214E-012
        776, 1.53859976471745149E-012
        777, 1.39250979559939528E-012
        778, 1.41964142930278192E-012
        779, 1.47227624878342464E-012
        780, 1.51207067485040716E-012
        781, 1.47276867189673301E-012
        782, 1.55689385906374477E-012
        783, 1.62887830110291999E-012
        784, 1.51921148095251547E-012
        785, 1.48906658910926684E-012
        786, 1.53613725879344971E-012
        787, 1.55331847870895732E-012
        788, 1.44561135284538146E-012
        789, 1.54473127901429413E-012
        790, 1.51674660398611979E-012
        791, 1.54599636929631806E-012
        792, 1.50419639759489879E-012
        793, 1.48549317714173840E-012
        794, 1.51093889843478828E-012
        795, 1.43722570718886299E-012
        796, 1.59063554237596660E-012
        797, 1.53073336791931115E-012
        798, 1.54802753220924921E-012
        799, 1.58977591079387696E-012
        800, 1.50456472577767024E-012
        801, 1.43887284288896045E-012
        802, 1.55380385909441615E-012
        803, 1.46801509090911527E-012
        804, 1.59773685694505065E-012
        805, 1.52532808268535953E-012
        806, 1.43980625764990318E-012
        807, 1.53568917545719139E-012
        808, 1.56051576939348682E-012
        809, 1.57579710723923547E-012
        810, 1.55479397679524684E-012
        811, 1.52129261128976930E-012
        812, 1.53563042120071021E-012
        813, 1.53245941176481918E-012
        814, 1.74685941631024165E-012
        815, 1.67061006967929918E-012
        816, 1.55828217503849373E-012
        817, 1.55863851478658759E-012
        818, 1.62392489433539044E-012
        819, 1.62235687896944001E-012
        820, 1.58916747362794217E-012
        821, 1.57415238039629879E-012
        822, 1.64534513770729586E-012
        823, 1.53287956035057075E-012
        824, 1.67510548395199954E-012
        825, 1.58554114068308165E-012
        826, 1.62363379232362517E-012
        827, 1.69355367111948581E-012
        828, 1.65834066579607741E-012
        829, 1.62988938735813841E-012
        830, 1.63548817218417873E-012
        831, 1.70369459977279030E-012
        832, 1.65872898818717602E-012
        833, 1.60479156241967176E-012
        834, 1.61756066548359988E-012
        835, 1.62197291562451994E-012
        836, 1.60600584866545209E-012
        837, 1.58374677824686258E-012
        838, 1.58153077060202999E-012
        839, 1.66002338205701683E-012
        840, 1.74487387639813701E-012
        841, 1.65981153200930157E-012
        842, 1.62278992510088953E-012
        843, 1.86249841740857385E-012
        844, 1.68234194283543207E-012
        845, 1.68953614135610870E-012
        846, 1.75110893697681512E-012
        847, 1.63290527753839138E-012
        848, 1.80774988917060594E-012
        849, 1.66529337824845781E-012
        850, 1.71701640442613504E-012
        851, 1.79175471767990335E-012
        852, 1.66667865191327032E-012
        853, 1.74925466937016040E-012
        854, 1.79034067708815345E-012
        855, 1.62222458766432495E-012
        856, 1.76935508922017180E-012
        857, 1.68425600969077191E-012
        858, 1.76397906886149570E-012
        859, 1.78830126385716941E-012
        860, 1.69075630558206927E-012
        861, 1.85707686644312697E-012
        862, 1.77106940867587245E-012
        863, 1.92199792617124261E-012
        864, 1.66415967182503268E-012
        865, 1.85906989900394329E-012
        866, 1.86522181822059758E-012
        867, 1.76585142937877832E-012
        868, 1.87364005448986539E-012
        869, 1.82868291306722891E-012
        870, 1.74230610942919684E-012
        871, 1.83114384678793006E-012
        872, 1.87629155164213523E-012
        873, 1.95459480748026738E-012
        874, 1.76689308201606671E-012
        875, 2.04328697096906783E-012
        876, 1.88007258522268086E-012
        877, 1.78850866503538295E-012
        878, 1.86413482166803613E-012
        879, 1.95771118683716380E-012
        880, 1.90618617641060769E-012
        881, 1.92173033201235934E-012
        882, 1.89705676716515219E-012
        883, 1.92791992670601123E-012
        884, 1.80785667936589747E-012
        885, 1.96739684959865835E-012
        886, 1.95135379657795333E-012
        887, 2.11139244207936774E-012
        888, 1.93625946358499658E-012
        889, 2.06441812524003579E-012
        890, 1.91180459514124955E-012
        891, 1.99978692924732218E-012
        892, 2.15016452326740274E-012
        893, 1.77181119493697548E-012
        894, 2.00222419556803244E-012
        895, 1.93226652423613326E-012
        896, 2.04100041034427253E-012
        897, 2.04780924867393366E-012
        898, 1.90054489575047219E-012
        899, 2.06453185806038004E-012
        900, 1.91061755926166020E-012
        901, 2.11267077187266090E-012
        902, 2.10314851585792953E-012
        903, 2.07163297909986884E-012
        904, 2.17769815695734549E-012
        905, 2.02146640982968591E-012
        906, 1.94220205907122642E-012
        907, 2.12600366106870503E-012
        908, 2.24883855553406398E-012
        909, 2.10933387080487969E-012
        910, 2.25408951551479087E-012
        911, 2.19818006342794222E-012
        912, 2.11005510798833440E-012
        913, 2.05593204209929593E-012
        914, 2.01389099603593138E-012
        915, 2.23193564982621553E-012
        916, 2.18436059708946822E-012
        917, 2.16170627886266280E-012
        918, 2.11137449106574690E-012
        919, 2.09930461530366809E-012
        920, 2.35491669331272128E-012
        921, 2.38372805352432424E-012
        922, 2.64321977604558052E-012
        923, 2.43643648631913753E-012
        924, 2.24366725029641652E-012
        925, 2.19336852665971683E-012
        926, 2.21111853131993446E-012
        927, 2.31228970864242491E-012
        928, 2.35573541503614100E-012
        929, 2.46474656360666467E-012
        930, 2.54447172964761216E-012
        931, 2.43537653220328677E-012
        932, 2.31122828353933953E-012
        933, 2.57245904540697381E-012
        934, 2.60919622136314460E-012
        935, 2.44751137187775864E-012
        936, 2.41064266991634409E-012
        937, 2.33245442751619775E-012
        938, 2.36143213877753844E-012
        939, 2.43074221337999846E-012
        940, 2.74970985845401842E-012
        941, 2.57805787007890060E-012
        942, 2.34866929848621255E-012
        943, 2.50810047648714680E-012
        944, 2.22656331511538157E-012
        945, 2.79707461385872832E-012
        946, 2.47444245822022478E-012
        947, 2.91198591223994142E-012
        948, 2.55956546606740135E-012
        949, 2.50791091130834625E-012
        950, 2.52851178030771861E-012
        951, 2.70240072034593401E-012
        952, 2.45285634021690786E-012
        953, 2.77689110932698215E-012
        954, 2.69826952955195603E-012
        955, 2.78392430999416193E-012
        956, 2.44843801228225609E-012
        957, 2.84360209102645201E-012
        958, 2.58860957373663022E-012
        959, 2.75930934461814999E-012
        960, 2.82005260646449421E-012
        961, 2.61291610191305702E-012
        962, 2.92734424655034620E-012
        963, 2.95549305685319269E-012
        964, 2.68887969087452932E-012
        965, 2.79063448336232137E-012
        966, 2.88674727438713958E-012
        967, 2.84052049407732096E-012
        968, 2.81825782229727187E-012
        969, 2.96697629168194187E-012
        970, 2.95245714592873910E-012
        971, 2.83795351513809309E-012
        972, 3.04500998511645419E-012
        973, 2.97249686397459112E-012
        974, 2.73017370440038839E-012
        975, 2.68908656128611592E-012
        976, 2.72475727581645578E-012
        977, 2.72030710517357054E-012
        978, 3.20715203240416442E-012
        979, 2.96779994820806497E-012
        980, 2.87537061865186666E-012
        981, 3.55434978795605195E-012
        982, 2.80681659096660045E-012
        983, 3.20404602809739072E-012
        984, 2.74576393497628938E-012
        985, 3.20060805484666378E-012
        986, 3.07390475973091756E-012
        987, 2.88232698005718170E-012
        988, 3.03118166866136603E-012
        989, 3.37129058644334685E-012
        990, 2.79538187315124812E-012
        991, 3.08080938792109928E-012
        992, 3.12333134104550830E-012
        993, 3.17373340798771966E-012
        994, 3.19175118936989659E-012
        995, 3.11441683352357050E-012
        996, 2.96324561696563653E-012
        997, 3.03760518662750789E-012
        998, 3.02089534526449714E-012
        999, 3.13499163626383541E-012
       1000, 3.23052557579387997E-012
       1001, 3.56331201129476154E-012
       1002, 3.39096442031476788E-012
       1003, 3.14718266884158971E-012
       1004, 3.14357406630142728E-012
       1005, 3.38850247216751241E-012
       1006, 2.93034327260010154E-012
       1007, 3.00638245969527911E-012
       1008, 3.48932165982210745E-012
       1009, 3.37962152452983725E-012
       1010, 3.29373452661265497E-012
       1011, 3.38587791630707061E-012
       1012, 3.43464861431749808E-012
       1013, 3.46550463616162336E-012
       1014, 3.19494524725125693E-012
       1015, 3.56207611754947021E-012
       1016, 3.66855139607554029E-012
       1017, 3.40615914855995248E-012
       1018, 3.94039117692834482E-012
       1019, 3.51444036816626992E-012
       1020, 3.41118236870364998E-012
       1021, 3.88675108982196181E-012
       1022, 3.78769810902587478E-012
       1023, 4.95811942373821913E-012
       1024, 3.83718137793674926E-012
       1025, 9.59659339603273510E-013
       1026, 9.22682510386390056E-013
       1027, 8.48154824972758812E-013
       1028, 8.17569221369162469E-013
       1029, 8.65335909269463273E-013
       1030, 9.21408286642038040E-013
       1031, 8.46607361794671570E-013
       1032, 8.22520873215192143E-013
       1033, 8.86850415481623145E-013
       1034, 8.49346589864432733E-013
       1035, 8.57026016121056090E-013
       1036, 8.65043126975326694E-013
       1037, 8.64685257439041043E-013
       1038, 8.97545755837209027E-013
       1039, 8.46017129587091737E-013
       1040, 8.95154497363447878E-013
       1041, 8.84081151359494422E-013
       1042, 9.26205162984719946E-013
       1043, 8.42232907566465617E-013
       1044, 8.31618517050041855E-013
       1045, 8.29043462339932624E-013
       1046, 8.56233210138638271E-013
       1047, 8.96957610361013003E-013
       1048, 8.66244726060730044E-013
       1049, 8.65954240886789623E-013
       1050, 8.10107435677090227E-013
       1051, 8.54080287091028351E-013
       1052, 8.70152139446937093E-013
       1053, 8.57889683039237316E-013
       1054, 7.96268745597887340E-013
       1055, 8.49051925464602473E-013
       1056, 8.24371351864535805E-013
       1057, 8.14074476505695141E-013
       1058, 7.77538584311294398E-013
       1059, 8.50144316069336866E-013
       1060, 7.34046233604864592E-013
       1061, 8.51415693306575716E-013
       1062, 7.91201391524716836E-013
       1063, 9.50369678161676690E-013
       1064, 8.31602471273797642E-013
       1065, 9.29965583634747568E-013
       1066, 8.21400080298840099E-013
       1067, 9.07318049552043631E-013
       1068, 8.75074483858050073E-013
       1069, 8.81842551745230191E-013
       1070, 9.67626654377614156E-013
       1071, 8.71003353784115871E-013
       1072, 8.51678986156069484E-013
       1073, 8.36733674031780358E-013
       1074, 8.64870069389298399E-013
       1075, 8.63174365239385950E-013
       1076, 8.45941232403483303E-013
       1077, 8.62194928264765960E-013
       1078, 8.78929418203763265E-013
       1079, 8.24965928477001742E-013
       1080, 9.13513320337027703E-013
       1081, 8.27107041543790466E-013
       1082, 9.65701499073324133E-013
       1083, 8.37994877069228485E-013
       1084, 8.61227080591865224E-013
       1085, 8.29976069387523321E-013
       1086, 8.27241734092706651E-013
       1087, 8.60119561213497892E-013
       1088, 8.07645237085994967E-013
       1089, 7.65425053332239917E-013
       1090, 8.14578875519391276E-013
       1091, 8.02054467080615890E-013
       1092, 8.70496368903001252E-013
       1093, 9.09697653252410865E-013
       1094, 8.55976812717636179E-013
       1095, 8.32961616149316833E-013
       1096, 8.48856703400396613E-013
       1097, 9.24030743785019140E-013
       1098, 8.59254531585921853E-013
       1099, 7.98020544197108264E-013
       1100, 8.46885436293305682E-013
       1101, 8.44383520874002908E-013
       1102, 8.02511420793281709E-013
       1103, 8.41059151370050067E-013
       1104, 8.64584694751783901E-013
       1105, 8.04585804418956864E-013
       1106, 8.59204249416432705E-013
       1107, 8.32358717144843467E-013
       1108, 9.30448669719846425E-013
       1109, 8.69357935688544801E-013
       1110, 8.07025770466078195E-013
       1111, 8.31690143984197172E-013
       1112, 9.06470096677943938E-013
       1113, 8.53271254328802524E-013
       1114, 7.82746985485460334E-013
       1115, 8.00995006224652917E-013
       1116, 8.40187135003956896E-013
       1117, 7.72402617502735448E-013
       1118, 8.89908481560245967E-013
       1119, 8.40857363266269954E-013
       1120, 8.56926593137180252E-013
       1121, 7.80748142013249808E-013
       1122, 8.60198382477954955E-013
       1123, 8.35274933410426682E-013
       1124, 7.96038370456395830E-013
       1125, 8.03216512728347884E-013
       1126, 8.08292799696310193E-013
       1127, 8.80113374914847958E-013
       1128, 8.31634264672383789E-013
       1129, 8.59885731276318060E-013
       1130, 8.15064443892768327E-013
       1131, 8.53073724969768375E-013
       1132, 8.39332576510046472E-013
       1133, 8.23594907985922660E-013
       1134, 8.63139591058751583E-013
       1135, 8.10574740976677633E-013
       1136, 8.08643174080881161E-013
       1137, 7.78228967469947208E-013
       1138, 8.69116365986251300E-013
       1139, 7.96985418042500770E-013
       1140, 8.52552187227152766E-013
       1141, 8.45717621863753288E-013
       1142, 9.03746457439234230E-013
       1143, 8.53640944423617566E-013
       1144, 8.73053234320891917E-013
       1145, 8.25979349139884340E-013
       1146, 8.56515518114104306E-013
       1147, 8.46681150467295998E-013
       1148, 9.44140800642316157E-013
       1149, 8.65815244972306496E-013
       1150, 8.55792980847059781E-013
       1151, 8.09395532332082306E-013
       1152, 8.23141199512098492E-013
       1153, 8.59720151966373390E-013
       1154, 8.08557477460538898E-013
       1155, 8.52884238584606872E-013
       1156, 8.11046761324941383E-013
       1157, 8.53643651497110750E-013
       1158, 8.42959942314172726E-013
       1159, 8.87403672189521225E-013
       1160, 8.81317897168554931E-013
       1161, 8.93261601597741749E-013
       1162, 9.49799448361895153E-013
       1163, 9.00443067450375567E-013
       1164, 8.38677503448415795E-013
       1165, 8.52065045185721284E-013
       1166, 8.49879133778429521E-013
       1167, 8.73203024940999146E-013
       1168, 7.97468247030555526E-013
       1169, 8.83003494517191814E-013
       1170, 8.82947402973473582E-013
       1171, 8.75597536212498443E-013
       1172, 8.90622460517273723E-013
       1173, 8.44402653869573657E-013
       1174, 7.54112544151873926E-013
       1175, 8.66852833733646953E-013
       1176, 9.27754005794500001E-013
       1177, 8.53351318901461645E-013
       1178, 8.83281664324147315E-013
       1179, 9.28744516152987023E-013
       1180, 8.71330572157740583E-013
       1181, 8.35537392077676780E-013
       1182, 8.90766368799043949E-013
       1183, 8.33029416263838091E-013
       1184, 8.63211780248328235E-013
       1185, 8.83423786145592571E-013
       1186, 8.85524820078450854E-013
       1187, 8.89344014174036470E-013
       1188, 8.76008970384545070E-013
       1189, 9.21562047806500925E-013
       1190, 8.62636024045215949E-013
       1191, 8.80134685916121779E-013
       1192, 9.08887403458371349E-013
       1193, 8.99698598858523059E-013
       1194, 8.82530941466495739E-013
       1195, 8.78979613565214390E-013
       1196, 8.90671045445851701E-013
       1197, 8.40113285474813990E-013
       1198, 8.79395269166839418E-013
       1199, 8.38850409346214922E-013
       1200, 8.67088060666852133E-013
       1201, 8.35218053778564607E-013
       1202, 8.91861841811728470E-013
       1203, 8.82444509831916316E-013
       1204, 8.54797850713026582E-013
       1205, 9.21861720723258389E-013
       1206, 8.51840295795880290E-013
       1207, 8.54695358868028283E-013
       1208, 8.78505497478395123E-013
       1209, 8.52301187392547999E-013
       1210, 8.98227466581888482E-013
       1211, 8.52504286695820404E-013
       1212, 8.81008652131083958E-013
       1213, 8.71488620010273141E-013
       1214, 8.84033536816192994E-013
       1215, 9.08232883494773914E-013
       1216, 9.17613692370203241E-013
       1217, 8.35859839531226350E-013
       1218, 8.79047077042959411E-013
       1219, 8.80294010500248129E-013
       1220, 8.80729531525719792E-013
       1221, 8.79615799905691051E-013
       1222, 9.02035273130470902E-013
       1223, 8.34636147844950111E-013
       1224, 8.41771034959114163E-013
       1225, 8.84824994519667038E-013
       1226, 8.98972267289119524E-013
       1227, 8.37412750192730998E-013
       1228, 8.39154765756008706E-013
       1229, 8.64350840838914468E-013
       1230, 8.88747161782222811E-013
       1231, 9.46061874066062179E-013
       1232, 8.54624701566314487E-013
       1233, 8.69337514165917608E-013
       1234, 9.50127097643450942E-013
       1235, 9.19725407552418628E-013
       1236, 9.64455183756074283E-013
       1237, 8.69564301671630681E-013
       1238, 8.56137311337206897E-013
       1239, 9.25705796059865203E-013
       1240, 8.80949116363354109E-013
       1241, 8.62004835402213449E-013
       1242, 8.93491488694326942E-013
       1243, 8.89148501553896591E-013
       1244, 8.78341645492913385E-013
       1245, 9.85480049063408581E-013
       1246, 9.16926001632637965E-013
       1247, 9.12234957130901586E-013
       1248, 9.07633023764146898E-013
       1249, 8.94296758515197233E-013
       1250, 8.70651400654145103E-013
       1251, 9.21935783085616567E-013
       1252, 8.41274011585069785E-013
       1253, 8.67391321276689174E-013
       1254, 8.75621866733504946E-013
       1255, 8.52004438371884859E-013
       1256, 8.70838230917411539E-013
       1257, 8.57998602534900318E-013
       1258, 8.43904465184111443E-013
       1259, 9.32427356561499724E-013
       1260, 8.88041605204840372E-013
       1261, 9.16960908973377340E-013
       1262, 9.40138756860154511E-013
       1263, 9.20419860184743227E-013
       1264, 9.56337493425668570E-013
       1265, 9.53487124914888614E-013
       1266, 8.87290526052161369E-013
       1267, 9.54521764720514922E-013
       1268, 9.43602934442738252E-013
       1269, 9.42038168238250099E-013
       1270, 9.70522896862758842E-013
       1271, 8.85126227571551778E-013
       1272, 8.96304081808247919E-013
       1273, 9.20174665090025860E-013
       1274, 9.23684001371220740E-013
       1275, 8.93963819192868120E-013
       1276, 8.76516276279290914E-013
       1277, 8.94620027337552930E-013
       1278, 9.20305497404700806E-013
       1279, 9.38384550296847058E-013
       1280, 9.79481845543901946E-013
       1281, 8.84404104462888197E-013
       1282, 1.01995140238359274E-012
       1283, 9.52255991320008047E-013
       1284, 9.40237747901077011E-013
       1285, 9.90781517976390251E-013
       1286, 9.73383149940967899E-013
       1287, 9.36638433096006249E-013
       1288, 9.53473548355472455E-013
       1289, 9.89565331185838092E-013
       1290, 9.43050467523434306E-013
       1291, 9.60234586253542882E-013
       1292, 9.35482512209185839E-013
       1293, 9.44589813531107502E-013
       1294, 9.36550848870137491E-013
       1295, 9.03588598765745945E-013
       1296, 8.95336707570758554E-013
       1297, 9.62987153587806737E-013
       1298, 8.60856961712924614E-013
       1299, 9.39038297758478706E-013
       1300, 9.84746861181733835E-013
       1301, 8.61369868923539624E-013
       1302, 9.51499176980347191E-013
       1303, 9.89473164826056552E-013
       1304, 9.84164722589812204E-013
       1305, 9.62717243243168289E-013
       1306, 9.33538336603031605E-013
       1307, 9.55536397788171677E-013
       1308, 9.55207451003385702E-013
       1309, 9.24289907879544634E-013
       1310, 9.94175898519896575E-013
       1311, 9.53908357402464321E-013
       1312, 9.55806282371277669E-013
       1313, 8.98406718948502980E-013
       1314, 9.03436438228668469E-013
       1315, 9.85406780706608272E-013
       1316, 9.79303731782354147E-013
       1317, 9.63531477990275765E-013
       1318, 9.22767290511634519E-013
       1319, 9.01789679206652402E-013
       1320, 9.01955435412485443E-013
       1321, 9.40500238065120078E-013
       1322, 9.02143519768958724E-013
       1323, 9.59619550199958642E-013
       1324, 1.04690488465658311E-012
       1325, 9.57506273432803837E-013
       1326, 8.99503688161256343E-013
       1327, 8.58578925204236314E-013
       1328, 9.46978107765128701E-013
       1329, 1.00868203148720359E-012
       1330, 9.37236598296033191E-013
       1331, 9.22124377538690419E-013
       1332, 9.17142912957392643E-013
       1333, 9.54334945861191166E-013
       1334, 9.67292404381956966E-013
       1335, 9.70321403527278724E-013
       1336, 1.03206665810528448E-012
       1337, 9.90141637627622696E-013
       1338, 9.51713096200925007E-013
       1339, 9.92159435467888415E-013
       1340, 9.85303990882987691E-013
       1341, 9.03711080362362210E-013
       1342, 9.14177563079627079E-013
       1343, 9.13020359096047057E-013
       1344, 9.38382325597910234E-013
       1345, 9.45840117647648149E-013
       1346, 1.06398814291953200E-012
       1347, 1.05146943372576211E-012
       1348, 9.00447199531516753E-013
       1349, 9.32345699711039824E-013
       1350, 8.80329180458382982E-013
       1351, 1.00093851498412286E-012
       1352, 9.32775041526269676E-013
       1353, 9.45500821015979729E-013
       1354, 9.59156451890328727E-013
       1355, 9.26928505732289057E-013
       1356, 9.30145196229109654E-013
       1357, 9.50215883870229703E-013
       1358, 9.32194729745131874E-013
       1359, 9.38305939066979918E-013
       1360, 9.43732206812647525E-013
       1361, 1.00070258360909047E-012
       1362, 9.41195252851096240E-013
       1363, 9.01453060813120350E-013
       1364, 9.83386102947082442E-013
       1365, 8.84212425876735024E-013
       1366, 1.00099854654428421E-012
       1367, 9.53059292552545776E-013
       1368, 9.70382858411104654E-013
       1369, 9.90082499338622841E-013
       1370, 1.04982753831663262E-012
       1371, 9.95587781518763758E-013
       1372, 1.04553354285625287E-012
       1373, 9.61948181971487606E-013
       1374, 1.00785557717000815E-012
       1375, 9.83886616910308947E-013
       1376, 1.05050100406491193E-012
       1377, 9.25381050280518273E-013
       1378, 9.32814404845117598E-013
       1379, 1.01974920096602267E-012
       1380, 9.58070947761728345E-013
       1381, 9.51401098355088540E-013
       1382, 9.47196556162861767E-013
       1383, 9.68202593092970336E-013
       1384, 9.64573220869455681E-013
       1385, 1.07702876111247621E-012
       1386, 9.33367468198460810E-013
       1387, 9.71469922238281079E-013
       1388, 1.06215404029307427E-012
       1389, 1.00569944679406517E-012
       1390, 9.17039049991688163E-013
       1391, 9.86630170326988439E-013
       1392, 1.05695996053910106E-012
       1393, 1.02921068960323536E-012
       1394, 9.87897486594598944E-013
       1395, 1.07753664203982847E-012
       1396, 1.06175374481393939E-012
       1397, 9.63251347535035835E-013
       1398, 1.04904082448444394E-012
       1399, 1.00101689695820499E-012
       1400, 1.02844927124994974E-012
       1401, 9.60444096919027917E-013
       1402, 9.97102554553048792E-013
       1403, 9.64890959660775139E-013
       1404, 9.30696742284335112E-013
       1405, 9.81331115761314314E-013
       1406, 1.02791334208530399E-012
       1407, 1.02651532038486298E-012
       1408, 1.06279815538224394E-012
       1409, 1.05450810116439669E-012
       1410, 9.99577558535372473E-013
       1411, 1.05624730576180019E-012
       1412, 9.86570760151864807E-013
       1413, 1.06440345122308040E-012
       1414, 9.56089899779712838E-013
       1415, 1.00292439197782294E-012
       1416, 1.00928064263761463E-012
       1417, 1.01407129616591435E-012
       1418, 1.07898274494529263E-012
       1419, 9.61185767912040036E-013
       1420, 9.95576416019224198E-013
       1421, 9.88981344207469512E-013
       1422, 9.96046629130953159E-013
       1423, 1.03383854857465081E-012
       1424, 1.02731136044442061E-012
       1425, 1.02610870037178216E-012
       1426, 1.11709380771435769E-012
       1427, 1.02120415838733061E-012
       1428, 1.03523444326160171E-012
       1429, 1.05997302231787222E-012
       1430, 9.59635402785895743E-013
       1431, 1.05822590840411593E-012
       1432, 1.09829031648926221E-012
       1433, 1.01627716802871604E-012
       1434, 9.62473643251045019E-013
       1435, 1.00054427447758065E-012
       1436, 1.03086395722265573E-012
       1437, 1.09244994751804702E-012
       1438, 1.08665218912282463E-012
       1439, 9.86702400320025797E-013
       1440, 1.06873475656130259E-012
       1441, 1.08168717204599888E-012
       1442, 1.05051546729851639E-012
       1443, 1.00268346363824082E-012
       1444, 1.07006496371437730E-012
       1445, 1.04419655287653145E-012
       1446, 1.07970478395786224E-012
       1447, 1.06389521784379860E-012
       1448, 1.15845115005320051E-012
       1449, 1.06674830536525915E-012
       1450, 1.02930907397461760E-012
       1451, 1.04899852790482368E-012
       1452, 1.01865406048815966E-012
       1453, 1.06079906028003964E-012
       1454, 1.08408511605101274E-012
       1455, 1.09886332122334589E-012
       1456, 1.06580916329728922E-012
       1457, 1.06352070057770558E-012
       1458, 1.11572277395140600E-012
       1459, 1.05848290642915065E-012
       1460, 1.05692598116343293E-012
       1461, 9.83901921993989484E-013
       1462, 1.13257535828771597E-012
       1463, 1.10762108282185793E-012
       1464, 1.03198989558719446E-012
       1465, 1.08957977421522487E-012
       1466, 1.08149706227760202E-012
       1467, 1.09961699673985159E-012
       1468, 1.06856960134269663E-012
       1469, 1.07245091553128803E-012
       1470, 1.05657412027324418E-012
       1471, 1.08691352876921171E-012
       1472, 1.13249186489476059E-012
       1473, 1.04583966973951090E-012
       1474, 1.07406964102221268E-012
       1475, 1.05997165540973851E-012
       1476, 1.03611216517155705E-012
       1477, 1.06513458088070843E-012
       1478, 1.07659265982916515E-012
       1479, 1.03095012597661277E-012
       1480, 1.14001406072060973E-012
       1481, 1.18896944448887950E-012
       1482, 1.12554677577817091E-012
       1483, 1.13704813424324758E-012
       1484, 1.12150535350534857E-012
       1485, 1.02370702432687591E-012
       1486, 1.06036249707357107E-012
       1487, 1.17570517825313422E-012
       1488, 1.19815093345769258E-012
       1489, 1.11668834288493287E-012
       1490, 1.13947865584457138E-012
       1491, 1.17666634085590868E-012
       1492, 1.09119799488207633E-012
       1493, 1.03486010967465189E-012
       1494, 1.09158169484126110E-012
       1495, 1.16666467320090223E-012
       1496, 1.10412832919559386E-012
       1497, 1.19252761531738626E-012
       1498, 1.09182890986586978E-012
       1499, 1.09897332884567759E-012
       1500, 1.07283994408391467E-012
       1501, 1.07439432382961204E-012
       1502, 1.02185837879486910E-012
       1503, 1.07382896132928002E-012
       1504, 1.16063100459731601E-012
       1505, 1.08396521666042014E-012
       1506, 1.13313598495291285E-012
       1507, 1.15433025249232763E-012
       1508, 1.11149511321671127E-012
       1509, 1.15958725479413116E-012
       1510, 1.21868882649062234E-012
       1511, 1.16118698978904251E-012
       1512, 1.09640217163976465E-012
       1513, 1.07367813023997073E-012
       1514, 1.15196424905715254E-012
       1515, 1.19290864898263433E-012
       1516, 1.14904469975698379E-012
       1517, 1.06439815000449025E-012
       1518, 1.14418239628892835E-012
       1519, 1.14853170852840955E-012
       1520, 1.13434793353999614E-012
       1521, 1.22459364867430597E-012
       1522, 1.20154335933014602E-012
       1523, 1.13805541140035574E-012
       1524, 1.16044703269024955E-012
       1525, 1.21739970574683798E-012
       1526, 1.21962353242673351E-012
       1527, 1.26256407978644341E-012
       1528, 1.18179977618084066E-012
       1529, 1.22981606135322177E-012
       1530, 1.09411685453802450E-012
       1531, 1.17143779563338044E-012
       1532, 1.13772597502647376E-012
       1533, 1.17004325283189947E-012
       1534, 1.15231066782968740E-012
       1535, 1.13970029304138980E-012
       1536, 1.19795013980410921E-012
       1537, 1.18647804007030491E-012
       1538, 1.21453035224965245E-012
       1539, 1.27617008662715931E-012
       1540, 1.15654366898065913E-012
       1541, 1.19125744420293556E-012
       1542, 1.25173958371108087E-012
       1543, 1.23676374821373277E-012
       1544, 1.20463157148911023E-012
       1545, 1.08594452176590405E-012
       1546, 1.16154042000635947E-012
       1547, 1.15147959539828482E-012
       1548, 1.29593990067783551E-012
       1549, 1.24556085649563294E-012
       1550, 1.22022642712147401E-012
       1551, 1.19025916222782460E-012
       1552, 1.20930390931419742E-012
       1553, 1.23434327733915998E-012
       1554, 1.17215164958475225E-012
       1555, 1.20592062978564549E-012
       1556, 1.22325612207800808E-012
       1557, 1.20855143975080364E-012
       1558, 1.18632309111459339E-012
       1559, 1.33317806526616737E-012
       1560, 1.15276725538318820E-012
       1561, 1.22995372198894681E-012
       1562, 1.25991324427077854E-012
       1563, 1.24405938568484131E-012
       1564, 1.30773137279113000E-012
       1565, 1.32608038939666291E-012
       1566, 1.24680207082593100E-012
       1567, 1.22325976418657991E-012
       1568, 1.18156477819292665E-012
       1569, 1.14669282048245007E-012
       1570, 1.25411928201342137E-012
       1571, 1.23934857247612892E-012
       1572, 1.26972219747688974E-012
       1573, 1.24945487715797132E-012
       1574, 1.17204210845461741E-012
       1575, 1.22989078832568738E-012
       1576, 1.29669953210143931E-012
       1577, 1.29527455901068520E-012
       1578, 1.28575369598287063E-012
       1579, 1.42478662299474163E-012
       1580, 1.24866956983958258E-012
       1581, 1.21369342332115234E-012
       1582, 1.32712350012887105E-012
       1583, 1.21506105004140030E-012
       1584, 1.16653964392584777E-012
       1585, 1.34586031230569421E-012
       1586, 1.24357177545417500E-012
       1587, 1.31568807204999618E-012
       1588, 1.28485286389824619E-012
       1589, 1.20660676264705801E-012
       1590, 1.22391042228613050E-012
       1591, 1.19009312038403958E-012
       1592, 1.26352882125987085E-012
       1593, 1.22337213083580616E-012
       1594, 1.29996808615977644E-012
       1595, 1.21210410417545324E-012
       1596, 1.29471771484616478E-012
       1597, 1.26272641051253072E-012
       1598, 1.23791542096906691E-012
       1599, 1.35506452491296274E-012
       1600, 1.15123323247883898E-012
       1601, 1.17590352264144744E-012
       1602, 1.33061428722669251E-012
       1603, 1.18661910017718279E-012
       1604, 1.22520715265848494E-012
       1605, 1.31290097343631860E-012
       1606, 1.33113451098957344E-012
       1607, 1.19954158388330066E-012
       1608, 1.34258999148414776E-012
       1609, 1.25220913208804147E-012
       1610, 1.16762185195507802E-012
       1611, 1.25057283055071069E-012
       1612, 1.31411452967170257E-012
       1613, 1.16655291962585965E-012
       1614, 1.26127175581826457E-012
       1615, 1.22489459356666062E-012
       1616, 1.26628559667709404E-012
       1617, 1.19798887068159374E-012
       1618, 1.26705837566456786E-012
       1619, 1.35626641781709354E-012
       1620, 1.23570947230707524E-012
       1621, 1.19262223592317434E-012
       1622, 1.28304648392425579E-012
       1623, 1.17463221137781911E-012
       1624, 1.20952930878361504E-012
       1625, 1.26736895876322480E-012
       1626, 1.30522889090381172E-012
       1627, 1.36347134977248799E-012
       1628, 1.40544984941387342E-012
       1629, 1.26038868217475873E-012
       1630, 1.27645643068206938E-012
       1631, 1.34989536979278100E-012
       1632, 1.29837838915370231E-012
       1633, 1.27761321093557758E-012
       1634, 1.33727631201795103E-012
       1635, 1.25532437501363015E-012
       1636, 1.26936203179684506E-012
       1637, 1.29337231173725778E-012
       1638, 1.27870946794168279E-012
       1639, 1.20545179059438988E-012
       1640, 1.27643610241732339E-012
       1641, 1.35709860162976951E-012
       1642, 1.28754207758059588E-012
       1643, 1.28433865218236942E-012
       1644, 1.27556440539784139E-012
       1645, 1.26716314940266213E-012
       1646, 1.34338092420713244E-012
       1647, 1.20730099680403997E-012
       1648, 1.22191962748672332E-012
       1649, 1.27231202436679043E-012
       1650, 1.25646908348216594E-012
       1651, 1.18273318771929411E-012
       1652, 1.41360469270002168E-012
       1653, 1.29329141430497498E-012
       1654, 1.25442270556002996E-012
       1655, 1.37552218814325413E-012
       1656, 1.27293983670612303E-012
       1657, 1.31306920625702066E-012
       1658, 1.27533051410195832E-012
       1659, 1.40024182725709553E-012
       1660, 1.33715666592097023E-012
       1661, 1.28748656204959090E-012
       1662, 1.30340873766179547E-012
       1663, 1.33122112710533289E-012
       1664, 1.22661876827619088E-012
       1665, 1.18882837138377898E-012
       1666, 1.26012580604388098E-012
       1667, 1.42778961832376843E-012
       1668, 1.33505179640287190E-012
       1669, 1.36873675481990673E-012
       1670, 1.30311349033004911E-012
       1671, 1.35932205248142681E-012
       1672, 1.40479658939249623E-012
       1673, 1.27260865962354829E-012
       1674, 1.47009488008508477E-012
       1675, 1.31377789443922389E-012
       1676, 1.31811181098312157E-012
       1677, 1.36090721572896971E-012
       1678, 1.32221946086439219E-012
       1679, 1.36112612865480834E-012
       1680, 1.28180564517762617E-012
       1681, 1.43399978610670395E-012
       1682, 1.29976589802265734E-012
       1683, 1.44301601921288628E-012
       1684, 1.28018291429248683E-012
       1685, 1.34120753817854850E-012
       1686, 1.35299084666212909E-012
       1687, 1.31687155830360988E-012
       1688, 1.30704909036658295E-012
       1689, 1.47088982980222199E-012
       1690, 1.33092159075094850E-012
       1691, 1.36920388073140469E-012
       1692, 1.32115152668272180E-012
       1693, 1.34629615265493334E-012
       1694, 1.42520905406084511E-012
       1695, 1.37317546044322936E-012
       1696, 1.44143679900972136E-012
       1697, 1.40871836639610423E-012
       1698, 1.41252162217113768E-012
       1699, 1.37923360103989753E-012
       1700, 1.35004217192456693E-012
       1701, 1.48213088687912822E-012
       1702, 1.30150214526101572E-012
       1703, 1.29756516911196758E-012
       1704, 1.32576349035263674E-012
       1705, 1.23711007223300351E-012
       1706, 1.38014635622375484E-012
       1707, 1.44317606027436925E-012
       1708, 1.38965743447738803E-012
       1709, 1.40437266914620187E-012
       1710, 1.43810221810164829E-012
       1711, 1.33884545820946758E-012
       1712, 1.30593729354601076E-012
       1713, 1.28318926982180463E-012
       1714, 1.29886169588216521E-012
       1715, 1.42108609445264340E-012
       1716, 1.48634755119827575E-012
       1717, 1.38304588825861741E-012
       1718, 1.24803588018371355E-012
       1719, 1.40302256281178961E-012
       1720, 1.40352124298589855E-012
       1721, 1.34394556625422041E-012
       1722, 1.35316547341206444E-012
       1723, 1.25405843300175964E-012
       1724, 1.44039996841827067E-012
       1725, 1.48132502591446176E-012
       1726, 1.39428648949731291E-012
       1727, 1.53482982279144971E-012
       1728, 1.47766114889664249E-012
       1729, 1.52857276661975123E-012
       1730, 1.40642300023390177E-012
       1731, 1.43347629309472104E-012
       1732, 1.31974385042504764E-012
       1733, 1.35404424683203677E-012
       1734, 1.34099177556280708E-012
       1735, 1.40123937861170546E-012
       1736, 1.39959553176143981E-012
       1737, 1.31915648825444587E-012
       1738, 1.31677594107051244E-012
       1739, 1.41235323363552061E-012
       1740, 1.32856534212528379E-012
       1741, 1.43329702051296428E-012
       1742, 1.55082343433395309E-012
       1743, 1.41071741857887277E-012
       1744, 1.29803689765377289E-012
       1745, 1.31191077062442969E-012
       1746, 1.37935864577899742E-012
       1747, 1.43560764705547333E-012
       1748, 1.39433562622439593E-012
       1749, 1.41164990199553475E-012
       1750, 1.34213087913975195E-012
       1751, 1.43235568498254437E-012
       1752, 1.44504765289030178E-012
       1753, 1.39174208380473043E-012
       1754, 1.39833178330112901E-012
       1755, 1.42679673891475579E-012
       1756, 1.36996112503236566E-012
       1757, 1.37782156892909932E-012
       1758, 1.45320632341377508E-012
       1759, 1.39704390679317908E-012
       1760, 1.53529271113199045E-012
       1761, 1.39440463643483901E-012
       1762, 1.39122018217669927E-012
       1763, 1.45341374169370928E-012
       1764, 1.43879757241669243E-012
       1765, 1.51832856266722077E-012
       1766, 1.54905596650934479E-012
       1767, 1.48982071684901174E-012
       1768, 1.34739185338582477E-012
       1769, 1.43234632173772926E-012
       1770, 1.41062713232689058E-012
       1771, 1.44309173409398756E-012
       1772, 1.58118870389862371E-012
       1773, 1.44369314411498020E-012
       1774, 1.56506633422531173E-012
       1775, 1.36739079630754688E-012
       1776, 1.44897001948546458E-012
       1777, 1.47059280759447112E-012
       1778, 1.46223086659624667E-012
       1779, 1.50617736067136200E-012
       1780, 1.44189221561578529E-012
       1781, 1.44595687730004076E-012
       1782, 1.42966442667063132E-012
       1783, 1.49854296250317855E-012
       1784, 1.42193137419009362E-012
       1785, 1.40569150859836889E-012
       1786, 1.41549859309944383E-012
       1787, 1.47937770541808349E-012
       1788, 1.42668583776218462E-012
       1789, 1.60221609937642455E-012
       1790, 1.46439873120946207E-012
       1791, 1.46890144339223848E-012
       1792, 1.49953823886772202E-012
       1793, 1.52637282268867531E-012
       1794, 1.45168060673320422E-012
       1795, 1.53305778580356168E-012
       1796, 1.45083931406617593E-012
       1797, 1.51056943508591637E-012
       1798, 1.52687452952257135E-012
       1799, 1.48094292101136802E-012
       1800, 1.51430490286206524E-012
       1801, 1.52978605178302863E-012
       1802, 1.55042083354615124E-012
       1803, 1.47932432152679551E-012
       1804, 1.59312281376733096E-012
       1805, 1.57015077462928351E-012
       1806, 1.50632007497980782E-012
       1807, 1.59310032277470294E-012
       1808, 1.54449674965463783E-012
       1809, 1.44928528333027996E-012
       1810, 1.49193380136281263E-012
       1811, 1.57065865078946384E-012
       1812, 1.69372526909930386E-012
       1813, 1.59078073190168386E-012
       1814, 1.46048036851590593E-012
       1815, 1.56044581430780049E-012
       1816, 1.55905047616621781E-012
       1817, 1.57541952581003791E-012
       1818, 1.41169696903399053E-012
       1819, 1.58965975955935331E-012
       1820, 1.63250890175106224E-012
       1821, 1.42088448875840209E-012
       1822, 1.48134042303543218E-012
       1823, 1.57404241656170359E-012
       1824, 1.54926706433982905E-012
       1825, 1.54433839838036153E-012
       1826, 1.57742874223108451E-012
       1827, 1.67746041097332493E-012
       1828, 1.43505726629837579E-012
       1829, 1.60251636897793839E-012
       1830, 1.59819332363138805E-012
       1831, 1.58472720631749081E-012
       1832, 1.63390182139596375E-012
       1833, 1.62084312962283979E-012
       1834, 1.46675058394854701E-012
       1835, 1.65253500416633859E-012
       1836, 1.49246374471223201E-012
       1837, 1.49111356060772512E-012
       1838, 1.48063932571549291E-012
       1839, 1.69497380501715411E-012
       1840, 1.60930886605402501E-012
       1841, 1.55804261381960853E-012
       1842, 1.75743714276302732E-012
       1843, 1.53169399028963793E-012
       1844, 1.62225152698543214E-012
       1845, 1.62040394869093771E-012
       1846, 1.73477534892488608E-012
       1847, 1.55871774589291352E-012
       1848, 1.64936171463704750E-012
       1849, 1.68033345301997416E-012
       1850, 1.64966490767562727E-012
       1851, 1.55458549485913224E-012
       1852, 1.65947240555874517E-012
       1853, 1.58219133377967311E-012
       1854, 1.62996972511136910E-012
       1855, 1.66859694978261733E-012
       1856, 1.62059857963440132E-012
       1857, 1.69441545280116148E-012
       1858, 1.59782947680460393E-012
       1859, 1.61560573793545564E-012
       1860, 1.55733313669284074E-012
       1861, 1.83601552554861616E-012
       1862, 1.68340737139341003E-012
       1863, 1.60224087764157175E-012
       1864, 1.68089610667268708E-012
       1865, 1.83210581237521322E-012
       1866, 1.70840476691904217E-012
       1867, 1.69929190476330482E-012
       1868, 1.64785343989125178E-012
       1869, 1.82186661745367677E-012
       1870, 1.62399778442341610E-012
       1871, 1.56671206331506580E-012
       1872, 1.70691880582609344E-012
       1873, 1.77424161849728365E-012
       1874, 1.69506907307543065E-012
       1875, 1.72347061308036179E-012
       1876, 1.64571472837499440E-012
       1877, 1.81935436580044258E-012
       1878, 1.73942954659696960E-012
       1879, 1.78157982568079839E-012
       1880, 1.71168206462109366E-012
       1881, 1.75203199752364470E-012
       1882, 1.93643710812007959E-012
       1883, 1.64017134661036959E-012
       1884, 1.81999975400382051E-012
       1885, 1.83477034749142703E-012
       1886, 1.82454927026863102E-012
       1887, 1.56803424294886786E-012
       1888, 1.74289430086847796E-012
       1889, 1.77734987719385648E-012
       1890, 1.68834351778209192E-012
       1891, 1.90748289318900082E-012
       1892, 1.81044885147546460E-012
       1893, 1.81639325145683162E-012
       1894, 1.81630278690324537E-012
       1895, 1.77939880819000086E-012
       1896, 1.88107197502038680E-012
       1897, 1.82248744016478575E-012
       1898, 1.86212584815523849E-012
       1899, 1.81754498280523364E-012
       1900, 1.96156505581624703E-012
       1901, 1.77566204333137845E-012
       1902, 2.00676062727136060E-012
       1903, 1.73043353061086176E-012
       1904, 1.90301724956764438E-012
       1905, 1.80858926741731051E-012
       1906, 1.91821251172076597E-012
       1907, 1.96330790828745434E-012
       1908, 1.93776541014500055E-012
       1909, 1.78767404130501800E-012
       1910, 1.99358024880544115E-012
       1911, 1.84060102725300112E-012
       1912, 1.98074887247906426E-012
       1913, 2.02923931702683875E-012
       1914, 2.02969822004923549E-012
       1915, 1.88371231676521666E-012
       1916, 2.16667171032922753E-012
       1917, 2.04471157442093457E-012
       1918, 1.98922231050091045E-012
       1919, 2.05217876940830747E-012
       1920, 2.16514176722973797E-012
       1921, 1.92976185625462715E-012
       1922, 2.13226546891836333E-012
       1923, 2.02098980850182145E-012
       1924, 1.99730153727952250E-012
       1925, 2.16747985406806283E-012
       1926, 2.14564184466833223E-012
       1927, 2.21297449355720793E-012
       1928, 2.15950897270683579E-012
       1929, 2.09156233886132054E-012
       1930, 2.23651153596821035E-012
       1931, 2.05572796058931881E-012
       1932, 2.23431623916538596E-012
       1933, 2.08499276688780578E-012
       1934, 2.29982462174541348E-012
       1935, 2.22780342327678792E-012
       1936, 2.21492499186443843E-012
       1937, 2.87604471621296439E-012
       1938, 2.25301455495825116E-012
       1939, 2.09063378076887645E-012
       1940, 2.13420700354782807E-012
       1941, 2.23683144029696694E-012
       1942, 2.31806960863177207E-012
       1943, 2.12451639468679705E-012
       1944, 2.06161723545948545E-012
       1945, 2.13779974526141457E-012
       1946, 2.43532913080502932E-012
       1947, 2.16495306585351716E-012
       1948, 2.11428534742579052E-012
       1949, 2.18714511244414555E-012
       1950, 2.28931024219165030E-012
       1951, 2.11979811965296603E-012
       1952, 2.20726069399789430E-012
       1953, 2.35345829304964861E-012
       1954, 2.28553798836779084E-012
       1955, 2.45572906612004805E-012
       1956, 2.22761675029970141E-012
       1957, 2.38746453715523512E-012
       1958, 2.58261224422102516E-012
       1959, 2.53034932844472947E-012
       1960, 2.19012633406266428E-012
       1961, 2.73491856617362886E-012
       1962, 2.39031545887354413E-012
       1963, 2.48130093707077775E-012
       1964, 2.52417053813899828E-012
       1965, 2.54469305430295344E-012
       1966, 2.48966813292221080E-012
       1967, 2.72952267246968015E-012
       1968, 2.77608250999221038E-012
       1969, 2.50287920128334434E-012
       1970, 2.36779220017027805E-012
       1971, 2.76559367784614010E-012
       1972, 2.60296461647295119E-012
       1973, 2.59467849045353354E-012
       1974, 2.69414342269583633E-012
       1975, 2.46693664987358200E-012
       1976, 2.59092056140388467E-012
       1977, 2.63514355715640562E-012
       1978, 2.87666473363924828E-012
       1979, 2.86529886976778907E-012
       1980, 2.73586659163328963E-012
       1981, 2.95694722051756910E-012
       1982, 2.64317148820231833E-012
       1983, 2.49596510409615226E-012
       1984, 2.94012925969235987E-012
       1985, 2.82738841011522257E-012
       1986, 3.38356843365143537E-012
       1987, 3.25452961107247170E-012
       1988, 2.96901101902692463E-012
       1989, 2.78501855941250814E-012
       1990, 2.68329062272727434E-012
       1991, 2.70710432128113422E-012
       1992, 2.88277150130465962E-012
       1993, 3.18410216799821558E-012
       1994, 2.91609135687690488E-012
       1995, 2.92753484104277065E-012
       1996, 2.87105219028395069E-012
       1997, 2.87263659197305895E-012
       1998, 2.80368768683706807E-012
       1999, 3.47487195039675673E-012
       2000, 3.00490858099310928E-012
       2001, 2.79093696336857487E-012
       2002, 2.96480244370459962E-012
       2003, 2.89256397115241363E-012
       2004, 3.20266442355611235E-012
       2005, 3.24135321518046217E-012
       2006, 3.28132836671813723E-012
       2007, 2.95328142848791583E-012
       2008, 3.12560577660499699E-012
       2009, 3.13166069866920171E-012
       2010, 2.93039815561639223E-012
       2011, 3.45676550982887048E-012
       2012, 3.14661045543213660E-012
       2013, 3.33017461396223477E-012
       2014, 3.38607492646530638E-012
       2015, 3.36856973875368219E-012
       2016, 3.23552986005818946E-012
       2017, 2.81285343393249486E-012
       2018, 3.07907362768910379E-012
       2019, 3.21318784432919943E-012
       2020, 2.96203205318714187E-012
       2021, 3.32043416535989195E-012
       2022, 3.20842068872616820E-012
       2023, 3.34475772944266901E-012
       2024, 3.27384085147654344E-012
       2025, 3.10944906084512876E-012
       2026, 2.99249051966034094E-012
       2027, 3.31472727554686776E-012
       2028, 3.05417943300914709E-012
       2029, 3.43280196275023586E-012
       2030, 3.26701411789006819E-012
       2031, 3.05121391290228414E-012
       2032, 3.63451607810979147E-012
       2033, 3.21115645809518589E-012
       2034, 3.59364413773409574E-012
       2035, 3.93723549656001122E-012
       2036, 3.75352616241650834E-012
       2037, 3.76738203035137591E-012
       2038, 3.64182848059798071E-012
       2039, 3.82457474675206123E-012
       2040, 3.91435964815527060E-012
       2041, 3.67817567678347644E-012
       2042, 3.63446124006916780E-012
       2043, 3.68064929868094548E-012
       2044, 3.79173201055592037E-012
       2045, 3.29782961228212967E-012
       2046, 3.88591198466851218E-012
       2047, 4.88448342411436034E-012
       2048, 4.25764403905723286E-012
      -1023, 4.95811942373821913E-012
