         0, 2147483647,  1009, 5.92706794675678526E+303
         1,    2096128,  1009, 1.03868676941619192E+304
         2,    2096128,  1009, 1.03868676941619192E+304
         3,    2096128,  1009, 1.03868676941619192E+304
         4,    2096128,  1009, 1.03868676941619192E+304
         5,    2096128,  1009, 1.03868676941619192E+304
         6,    2096128,  1009, 1.03868676941619192E+304
         7,    2096128,  1009, 1.03868676941619192E+304
         8,    2096128,  1009, 1.03868676941619192E+304
         9,    2090190,  1009, 1.03868676941619192E+304
        10,    1186747,  1009, 1.03868676941619192E+304
        11,     332549,  1009, 1.03868676941619192E+304
        12,      49768,  1009, 1.03868676941619192E+304
        13,        954,  1009, 1.03868676941619192E+304
        14,         43,  1009, 1.03868676941619192E+304
        15,          8,  1009, 1.03868676941619192E+304
        16,          1,  1009, 1.03868676941619192E+304
        17,          0,  1009, 1.03868676941619192E+304
"j", "||(G*V)j - (U*Σ)j||_F / Σj"
          1, 7.61583554207746710E-013
          2, 7.77132036408056470E-013
          3, 8.66478882324779660E-013
          4, 8.80597753613611326E-013
          5, 8.44437756862237046E-013
          6, 9.04872084608267308E-013
          7, 7.67002304301701560E-013
          8, 8.28542171576608794E-013
          9, 8.08655110854614791E-013
         10, 9.07225162376731002E-013
         11, 8.49655261466897891E-013
         12, 8.54612527621240015E-013
         13, 8.28469524314215807E-013
         14, 8.09218077206062682E-013
         15, 8.08899512718923909E-013
         16, 8.21059998518263187E-013
         17, 7.68151451073292737E-013
         18, 8.25116089668353795E-013
         19, 7.77192573804084359E-013
         20, 8.50849140884749417E-013
         21, 8.02811414126206385E-013
         22, 7.95835936937056991E-013
         23, 8.39017012680792163E-013
         24, 8.51577656904473088E-013
         25, 7.83811007133733578E-013
         26, 8.32869002561660412E-013
         27, 8.80021247449192424E-013
         28, 8.07089336243977907E-013
         29, 8.36380907253374662E-013
         30, 8.07224834591103188E-013
         31, 8.21519739371350498E-013
         32, 8.19161468741774193E-013
         33, 8.26092779324073377E-013
         34, 8.29445725705581246E-013
         35, 8.61517111355319456E-013
         36, 8.33580364251416891E-013
         37, 8.45714117775548112E-013
         38, 8.30753134212517435E-013
         39, 7.84269109905585311E-013
         40, 8.33092409679301001E-013
         41, 7.72179974054497353E-013
         42, 7.90065775826376625E-013
         43, 7.85610871900893439E-013
         44, 8.13330639064633730E-013
         45, 7.90649757544392386E-013
         46, 8.96200197680633800E-013
         47, 8.21570294008295295E-013
         48, 7.64860083212129040E-013
         49, 8.49463221702264594E-013
         50, 8.65692350112603458E-013
         51, 7.75572388274275648E-013
         52, 9.19319026689730676E-013
         53, 9.06036522028548891E-013
         54, 8.57182911218573794E-013
         55, 8.35168362326661969E-013
         56, 8.18146461065280855E-013
         57, 8.39191912628393815E-013
         58, 8.63598410003455889E-013
         59, 8.00783662598300036E-013
         60, 8.10504983128640542E-013
         61, 8.70692237176593967E-013
         62, 8.86844954197350420E-013
         63, 8.65726912080119630E-013
         64, 8.61236675337455937E-013
         65, 8.14706180629038872E-013
         66, 7.98572089873031425E-013
         67, 7.88121460261428244E-013
         68, 8.62983826178448748E-013
         69, 8.05807509650702421E-013
         70, 7.93828819492672163E-013
         71, 8.57215139518985586E-013
         72, 9.20623996631335688E-013
         73, 9.08890270278225907E-013
         74, 7.78571590617065440E-013
         75, 8.53807063349738848E-013
         76, 8.06616845756186672E-013
         77, 7.83838188061992975E-013
         78, 8.40067185797773741E-013
         79, 9.44004960091656228E-013
         80, 8.49343509249754334E-013
         81, 8.60065753397684412E-013
         82, 9.03823903206336241E-013
         83, 8.66428230128854790E-013
         84, 8.92239257715259495E-013
         85, 8.54121505541108094E-013
         86, 7.97945984983741370E-013
         87, 8.80673120316758139E-013
         88, 9.16931860721682929E-013
         89, 8.56866123264053389E-013
         90, 8.30278482105155316E-013
         91, 8.75689583578175805E-013
         92, 8.90420598137248229E-013
         93, 8.54959586358013438E-013
         94, 8.49612903970133129E-013
         95, 8.45976529004828570E-013
         96, 8.58916652532590680E-013
         97, 8.33950217703754982E-013
         98, 8.18799898257800764E-013
         99, 7.98668446584221560E-013
        100, 8.84107303790435111E-013
        101, 8.35590586806317082E-013
        102, 8.97597889427003494E-013
        103, 8.31930489288045152E-013
        104, 8.25743015975808992E-013
        105, 8.70710191685085614E-013
        106, 9.05131132869879999E-013
        107, 8.94820052644567652E-013
        108, 8.30579220431028949E-013
        109, 8.31522086828925159E-013
        110, 8.14391087097009609E-013
        111, 8.64363111540114297E-013
        112, 8.77985301599928147E-013
        113, 8.53424284747857782E-013
        114, 8.75934215996366325E-013
        115, 8.28727347580112329E-013
        116, 8.40307494416587867E-013
        117, 8.40745192943893388E-013
        118, 8.88156426092840168E-013
        119, 8.72559395032427645E-013
        120, 8.95829756150939054E-013
        121, 8.65072766613212190E-013
        122, 8.10195372215012202E-013
        123, 8.30314998937660867E-013
        124, 7.79093857491552126E-013
        125, 8.21518719687779552E-013
        126, 8.31345058211165221E-013
        127, 7.90650321613718012E-013
        128, 9.13509451066841753E-013
        129, 8.96814678647945933E-013
        130, 9.72887190450948155E-013
        131, 8.50309699610447780E-013
        132, 8.63173613060297343E-013
        133, 8.28803428459187351E-013
        134, 8.49995070818417117E-013
        135, 9.04455996645182707E-013
        136, 8.54425185152587209E-013
        137, 8.34149891117653781E-013
        138, 9.01663966815141734E-013
        139, 8.92747447961877104E-013
        140, 8.59858335499657441E-013
        141, 8.40599244397631166E-013
        142, 9.07337706509032475E-013
        143, 8.57703984069950339E-013
        144, 7.94137330551326077E-013
        145, 8.86251245184110954E-013
        146, 8.62986690693464594E-013
        147, 8.18713536617362011E-013
        148, 8.76493375558206119E-013
        149, 8.58459907936336931E-013
        150, 8.61822531494347764E-013
        151, 8.16741602459787377E-013
        152, 8.74497181026317264E-013
        153, 8.56241666606400771E-013
        154, 8.51860567631777820E-013
        155, 8.64766987280050168E-013
        156, 8.75486516345388028E-013
        157, 8.19188950129203618E-013
        158, 8.79083613250551287E-013
        159, 8.89447855923878173E-013
        160, 8.84576942795277574E-013
        161, 8.60956605681733542E-013
        162, 8.16198063297633935E-013
        163, 9.02522262497820542E-013
        164, 8.12124602527405940E-013
        165, 9.16292076121880581E-013
        166, 9.72014278210338706E-013
        167, 8.62800439470262601E-013
        168, 8.51043677641156270E-013
        169, 9.59798074958875542E-013
        170, 8.41216034409634106E-013
        171, 8.40244860381471748E-013
        172, 9.02434023499510246E-013
        173, 8.89426810595862901E-013
        174, 8.86507365350453504E-013
        175, 8.51734386852306832E-013
        176, 9.16863102225984393E-013
        177, 8.51321575727920910E-013
        178, 9.19239190020299939E-013
        179, 8.33250842305329556E-013
        180, 8.49616317187271206E-013
        181, 8.59913166845124349E-013
        182, 9.52444430637844606E-013
        183, 9.35821182509333430E-013
        184, 9.51139063426371188E-013
        185, 8.59403445907819194E-013
        186, 9.20601061061681087E-013
        187, 8.63834055491508785E-013
        188, 8.60633104361678650E-013
        189, 8.93304776358823759E-013
        190, 8.17330493866880655E-013
        191, 9.03082928625685800E-013
        192, 8.54661616931647029E-013
        193, 8.68801153476649052E-013
        194, 8.94297389211164100E-013
        195, 8.95521518367591104E-013
        196, 8.95763885777243433E-013
        197, 8.17555596300822135E-013
        198, 9.42453779687406396E-013
        199, 8.54504926390772085E-013
        200, 8.87656001558682509E-013
        201, 8.65612169106761649E-013
        202, 8.70739855158858704E-013
        203, 1.01184157332029320E-012
        204, 8.65226193867312693E-013
        205, 8.79758813102492631E-013
        206, 8.67723414969035086E-013
        207, 8.51358339781422764E-013
        208, 8.99616599484162328E-013
        209, 8.92679819599687241E-013
        210, 8.67351386198816551E-013
        211, 8.99798562447478112E-013
        212, 9.43254190415907624E-013
        213, 9.20610113055343049E-013
        214, 9.61182976499399813E-013
        215, 9.06799058526751218E-013
        216, 9.02260961063368711E-013
        217, 9.05931352712385540E-013
        218, 8.73409337402457546E-013
        219, 9.14857557742881882E-013
        220, 9.04490692996989895E-013
        221, 9.53421000235330221E-013
        222, 9.38991201199351613E-013
        223, 9.48409800503769836E-013
        224, 9.60457846365561148E-013
        225, 9.43760421050642980E-013
        226, 9.45584714763901036E-013
        227, 9.41896715603822154E-013
        228, 9.17112966817259393E-013
        229, 9.68992885509538434E-013
        230, 8.44462130879533892E-013
        231, 9.35138401324286148E-013
        232, 8.63423140749946748E-013
        233, 9.35684615203735096E-013
        234, 9.12651806063204792E-013
        235, 9.58767827203741953E-013
        236, 8.89517956658479358E-013
        237, 9.88659963789870963E-013
        238, 9.38708857212793493E-013
        239, 9.83984225229855669E-013
        240, 9.51336743330862577E-013
        241, 9.99799284437408850E-013
        242, 9.61495724857072690E-013
        243, 9.25050133678225298E-013
        244, 8.75480655638750683E-013
        245, 8.92370492907500436E-013
        246, 9.75212812582314416E-013
        247, 8.81597135818474660E-013
        248, 9.44178098414250373E-013
        249, 1.00197440967277941E-012
        250, 9.48539688815211455E-013
        251, 1.04306078465951231E-012
        252, 1.07503170061332260E-012
        253, 9.21943800722028084E-013
        254, 1.02774538102345258E-012
        255, 9.92964650270467765E-013
        256, 1.02428586114648766E-012
        257, 9.67243475333784758E-013
        258, 1.05190819857691177E-012
        259, 1.00196839200435235E-012
        260, 1.03566028179521240E-012
        261, 1.08351891527830963E-012
        262, 9.87339570813997649E-013
        263, 1.00447742474575879E-012
        264, 9.81430619865565686E-013
        265, 9.98661388136151672E-013
        266, 1.00903106193512369E-012
        267, 1.02447149725823558E-012
        268, 9.48412192930047170E-013
        269, 9.71606431656096907E-013
        270, 9.65042664789724003E-013
        271, 1.00083229047756646E-012
        272, 9.72374990717179322E-013
        273, 1.02423223523659882E-012
        274, 1.06037001010608464E-012
        275, 1.01757109699915868E-012
        276, 1.02900598331470963E-012
        277, 1.07947563930412460E-012
        278, 1.00313467571193923E-012
        279, 9.71582944691625442E-013
        280, 1.03274491234759834E-012
        281, 1.01811838299116468E-012
        282, 1.06387874415025746E-012
        283, 1.08124948248884066E-012
        284, 1.06661077369820016E-012
        285, 1.03147198336880151E-012
        286, 9.45846037650605627E-013
        287, 1.07902459564162151E-012
        288, 9.70077417276143647E-013
        289, 1.02864839621589987E-012
        290, 1.10440322462086720E-012
        291, 1.09503727577147879E-012
        292, 1.05809439537425587E-012
        293, 1.00948033159251785E-012
        294, 9.59511807188872665E-013
        295, 9.93073267794052647E-013
        296, 1.00780173814347220E-012
        297, 1.01424099927422626E-012
        298, 9.79947306633308084E-013
        299, 1.04665854236989244E-012
        300, 8.92222312003470934E-013
        301, 1.06247805213325116E-012
        302, 9.84818435122084895E-013
        303, 9.60030896123764213E-013
        304, 1.03716420885017258E-012
        305, 9.32876873952392690E-013
        306, 1.08112474505566992E-012
        307, 1.03733012761455359E-012
        308, 1.15038274275578278E-012
        309, 1.14970036755168797E-012
        310, 1.13625458443316321E-012
        311, 1.00166603893073978E-012
        312, 1.01537924895866729E-012
        313, 1.10861852942140955E-012
        314, 1.05505377518334409E-012
        315, 1.05728949251974710E-012
        316, 9.17848794743917366E-013
        317, 1.01383130804796761E-012
        318, 1.06602091523019368E-012
        319, 1.10323124614997816E-012
        320, 1.03360883139941314E-012
        321, 1.03945172566605969E-012
        322, 1.10250921255738229E-012
        323, 1.00145794095979709E-012
        324, 1.14282348909635252E-012
        325, 1.02907777039163264E-012
        326, 1.02759949464294157E-012
        327, 1.04231063239291904E-012
        328, 1.03088549009339548E-012
        329, 1.01820600211575501E-012
        330, 9.98163754499580818E-013
        331, 1.13824559569605044E-012
        332, 1.04954731918280789E-012
        333, 9.91476715087566412E-013
        334, 9.37043366492349600E-013
        335, 9.92605755811060447E-013
        336, 1.03082380423908477E-012
        337, 1.05381238062866951E-012
        338, 1.00482542086449645E-012
        339, 1.00372398070260794E-012
        340, 1.10659742341193730E-012
        341, 9.67277330951730070E-013
        342, 1.05449416224801290E-012
        343, 1.01581262784159158E-012
        344, 1.05832577386276295E-012
        345, 1.07631209035726064E-012
        346, 1.08826619901624435E-012
        347, 1.05062567277471398E-012
        348, 1.08025052048155788E-012
        349, 9.91056748914546743E-013
        350, 1.08232827535917946E-012
        351, 1.09550255169277927E-012
        352, 9.83060695438037584E-013
        353, 1.13925285600922809E-012
        354, 1.18339542416145310E-012
        355, 1.11635339797644816E-012
        356, 1.06480957955913069E-012
        357, 1.07321704700478573E-012
        358, 1.08020742520564185E-012
        359, 1.11070563672562235E-012
        360, 1.15737983777829434E-012
        361, 1.14542977980257547E-012
        362, 1.09050317628821411E-012
        363, 1.10129294208130158E-012
        364, 1.16090640526047842E-012
        365, 1.12283958698615893E-012
        366, 1.00851124163334985E-012
        367, 1.05384230606351419E-012
        368, 1.10526579058658910E-012
        369, 1.04620102832614990E-012
        370, 1.09436505049168444E-012
        371, 1.08978404236165745E-012
        372, 1.12551559905806557E-012
        373, 1.10769093238134824E-012
        374, 1.18142175731739260E-012
        375, 1.08421408617358824E-012
        376, 1.01222806409686178E-012
        377, 1.06698639627006573E-012
        378, 1.08153949456810542E-012
        379, 1.11544088750881267E-012
        380, 1.07696259141988792E-012
        381, 1.10882951683827287E-012
        382, 1.13270317261837539E-012
        383, 1.16085392743748870E-012
        384, 1.12261249788814734E-012
        385, 1.16950257577499623E-012
        386, 1.16136866650701350E-012
        387, 1.17587331103715129E-012
        388, 1.09780859618943796E-012
        389, 1.14470336007252872E-012
        390, 1.18541172302516554E-012
        391, 1.24666376748501730E-012
        392, 1.01917753617398313E-012
        393, 1.05335599413561720E-012
        394, 1.18775950240341335E-012
        395, 1.21541506764011129E-012
        396, 1.11107945696880424E-012
        397, 1.20977793950915137E-012
        398, 1.20279613257103114E-012
        399, 1.05949364333982287E-012
        400, 1.30036284654829845E-012
        401, 1.34289378017706708E-012
        402, 1.26267219228770075E-012
        403, 1.21733520288545275E-012
        404, 1.20566877661018739E-012
        405, 1.21690983344415778E-012
        406, 1.07023718638579689E-012
        407, 1.11563902809975062E-012
        408, 1.11990661771632058E-012
        409, 1.20187469558803944E-012
        410, 1.14980406176603223E-012
        411, 1.16120111860731354E-012
        412, 1.26235889726307428E-012
        413, 1.25214674777636889E-012
        414, 1.19422494333106973E-012
        415, 1.20313489368093177E-012
        416, 1.13952296473215503E-012
        417, 1.19917457307130021E-012
        418, 1.22441752154984313E-012
        419, 1.28477418406632439E-012
        420, 1.31531714386477985E-012
        421, 1.18648151719008870E-012
        422, 1.26195718440210036E-012
        423, 1.19173850423230724E-012
        424, 1.20643427226762895E-012
        425, 1.24915755854055551E-012
        426, 1.16243962014119907E-012
        427, 1.20447079084913522E-012
        428, 1.21530750002022429E-012
        429, 1.27179026717720970E-012
        430, 1.46877221951297625E-012
        431, 1.22999566346138959E-012
        432, 1.27834558304577677E-012
        433, 1.21641617137249777E-012
        434, 1.29846074633911887E-012
        435, 1.23471355453898592E-012
        436, 1.30322028474962117E-012
        437, 1.13620913761088115E-012
        438, 1.33598002831856394E-012
        439, 1.32505105920913676E-012
        440, 1.38957840301654383E-012
        441, 1.19449799560088171E-012
        442, 1.27952173096685702E-012
        443, 1.18298690073787441E-012
        444, 1.21251841120752389E-012
        445, 1.20069691396814255E-012
        446, 1.27524712139119880E-012
        447, 1.25909929370491598E-012
        448, 1.32505588863765976E-012
        449, 1.34029142689050751E-012
        450, 1.25352656850744812E-012
        451, 1.16629669662521730E-012
        452, 1.18080860018332501E-012
        453, 1.25287279409313141E-012
        454, 1.28478245011231088E-012
        455, 1.28945936653814396E-012
        456, 1.45391216277137688E-012
        457, 1.16272285707097974E-012
        458, 1.22270032807716440E-012
        459, 1.27757794694398519E-012
        460, 1.18316833761913536E-012
        461, 1.13501838468918618E-012
        462, 1.23972508781785728E-012
        463, 1.27938387654473088E-012
        464, 1.27649470678418322E-012
        465, 1.18411377705281353E-012
        466, 1.26558919575511913E-012
        467, 1.32925424978455282E-012
        468, 1.20482119342848301E-012
        469, 1.41938912552561226E-012
        470, 1.30653116340130613E-012
        471, 1.32036254417310641E-012
        472, 1.33203306523491909E-012
        473, 1.37831303831996151E-012
        474, 1.20071641545840834E-012
        475, 1.21265797381873666E-012
        476, 1.35617066962907595E-012
        477, 1.36946479754090134E-012
        478, 1.30829496193865951E-012
        479, 1.30370913451579691E-012
        480, 1.14587616948687936E-012
        481, 1.30820194636001144E-012
        482, 1.30470135575810952E-012
        483, 1.22179646575948348E-012
        484, 1.33350727123457639E-012
        485, 1.32347678381411863E-012
        486, 1.39424198198928566E-012
        487, 1.41037543567938969E-012
        488, 1.33391845496233419E-012
        489, 1.24856466069415299E-012
        490, 1.27984527000727832E-012
        491, 1.18773004541484745E-012
        492, 1.31489329462954840E-012
        493, 1.31136287248822348E-012
        494, 1.40676204692102932E-012
        495, 1.35714153201614644E-012
        496, 1.34009541600880837E-012
        497, 1.42554977734966771E-012
        498, 1.33346939355311832E-012
        499, 1.27221109338304696E-012
        500, 1.34922188315855716E-012
        501, 1.33490234835155247E-012
        502, 1.34224610852579766E-012
        503, 1.31412285379418709E-012
        504, 1.27395255663364570E-012
        505, 1.39917948734190936E-012
        506, 1.29887274757357116E-012
        507, 1.38830140866716095E-012
        508, 1.24174165744068496E-012
        509, 1.33893113985389721E-012
        510, 1.31393151502049193E-012
        511, 1.32254492353673865E-012
        512, 1.39287555078773249E-012
        513, 1.31685252534591986E-012
        514, 1.30357590802955110E-012
        515, 1.38916264111797775E-012
        516, 1.25542766331990087E-012
        517, 1.46746714013698875E-012
        518, 1.46423982309729307E-012
        519, 1.44731977645020635E-012
        520, 1.34179698163834582E-012
        521, 1.32931923637619920E-012
        522, 1.31850479183497210E-012
        523, 1.28485183754286857E-012
        524, 1.38681997163486239E-012
        525, 1.37447274598644623E-012
        526, 1.28572054426342956E-012
        527, 1.35455306940360705E-012
        528, 1.25481912249308759E-012
        529, 1.34519505134265442E-012
        530, 1.27168831061101962E-012
        531, 1.46607222875627149E-012
        532, 1.30599180545300967E-012
        533, 1.32474239244653626E-012
        534, 1.42147364675571028E-012
        535, 1.45699152168828983E-012
        536, 1.49983097014353057E-012
        537, 1.32544080729799070E-012
        538, 1.29392224567564626E-012
        539, 1.42268030167498190E-012
        540, 1.41085573139545441E-012
        541, 1.31955763841596998E-012
        542, 1.38096490635416883E-012
        543, 1.34533437961751220E-012
        544, 1.32861892134352286E-012
        545, 1.38300816102845653E-012
        546, 1.28872174990872456E-012
        547, 1.38254680855142525E-012
        548, 1.22162841823602540E-012
        549, 1.31109036988943385E-012
        550, 1.29320592507707297E-012
        551, 1.39470327969790280E-012
        552, 1.31725584968802226E-012
        553, 1.36086573299815332E-012
        554, 1.36906199210917958E-012
        555, 1.34777225689871247E-012
        556, 1.44821591287639558E-012
        557, 1.52942835758599639E-012
        558, 1.47514369080364872E-012
        559, 1.42327763312191116E-012
        560, 1.38540406258765596E-012
        561, 1.45955880470723001E-012
        562, 1.31683208833445111E-012
        563, 1.42417726586069764E-012
        564, 1.44782191356480791E-012
        565, 1.35665026428545828E-012
        566, 1.48039700004311974E-012
        567, 1.34203857449981341E-012
        568, 1.46154976717681641E-012
        569, 1.46968756935909592E-012
        570, 1.48633172347529224E-012
        571, 1.40312734005991455E-012
        572, 1.40419393218207376E-012
        573, 1.44038659950094992E-012
        574, 1.50320475744202100E-012
        575, 1.36752188266634494E-012
        576, 1.49373913692499332E-012
        577, 1.47000024530960819E-012
        578, 1.49850376290483390E-012
        579, 1.52550776536389149E-012
        580, 1.45025488332251516E-012
        581, 1.47333388387303835E-012
        582, 1.43977217910757584E-012
        583, 1.32408297871821184E-012
        584, 1.34578447309660198E-012
        585, 1.45424026149829076E-012
        586, 1.32247179728861014E-012
        587, 1.43234310440365867E-012
        588, 1.32973374874910316E-012
        589, 1.33515406214981295E-012
        590, 1.33334975017640598E-012
        591, 1.38158077932353281E-012
        592, 1.46223449057188534E-012
        593, 1.52085498064313314E-012
        594, 1.45880097731844424E-012
        595, 1.43407233690979058E-012
        596, 1.48525975716577349E-012
        597, 1.61044602881291104E-012
        598, 1.35868915860918702E-012
        599, 1.40554602756558077E-012
        600, 1.40263003852415691E-012
        601, 1.46871673106783907E-012
        602, 1.49403142609651117E-012
        603, 1.45806336220619142E-012
        604, 1.49714354577350900E-012
        605, 1.40751668980043568E-012
        606, 1.32173016514443942E-012
        607, 1.48721822483512245E-012
        608, 1.51835573296370877E-012
        609, 1.42430407127830544E-012
        610, 1.45192965861307735E-012
        611, 1.39684075391914879E-012
        612, 1.39317793067314103E-012
        613, 1.34229815867138423E-012
        614, 1.38132867169195849E-012
        615, 1.46246328998586342E-012
        616, 1.43472615161487152E-012
        617, 1.41755391284703760E-012
        618, 1.50554499279744894E-012
        619, 1.56275248389843825E-012
        620, 1.57351640811021074E-012
        621, 1.48973834408181264E-012
        622, 1.45616095817584941E-012
        623, 1.37385469515739786E-012
        624, 1.37223314830553455E-012
        625, 1.32404770326721648E-012
        626, 1.33281057629147166E-012
        627, 1.42718437593659533E-012
        628, 1.47630397032521800E-012
        629, 1.44747620648094519E-012
        630, 1.46247441485735736E-012
        631, 1.51146231729554913E-012
        632, 1.49704784642914848E-012
        633, 1.43345860120935344E-012
        634, 1.40439676594996001E-012
        635, 1.40623479471859124E-012
        636, 1.48153937079683480E-012
        637, 1.37952070020520800E-012
        638, 1.46495391793263102E-012
        639, 1.40994315429897230E-012
        640, 1.43523519404244965E-012
        641, 1.56630873750504436E-012
        642, 1.44905010774530489E-012
        643, 1.44675792801424494E-012
        644, 1.53617135850639814E-012
        645, 1.48651690508237685E-012
        646, 1.44233749783756657E-012
        647, 1.45904916743862939E-012
        648, 1.51630097586353079E-012
        649, 1.40351286627328633E-012
        650, 1.48220339084823650E-012
        651, 1.53239886637419588E-012
        652, 1.40275611302617123E-012
        653, 1.44511682998249555E-012
        654, 1.44843460053335656E-012
        655, 1.43658717156163983E-012
        656, 1.35831751455330804E-012
        657, 1.40252323531547095E-012
        658, 1.58615422328581104E-012
        659, 1.56497860929652565E-012
        660, 1.49363212823861262E-012
        661, 1.52975261030431764E-012
        662, 1.49426567150216680E-012
        663, 1.45039874048348481E-012
        664, 1.56326307588635664E-012
        665, 1.47383246352739245E-012
        666, 1.38545128378274813E-012
        667, 1.50667719606693471E-012
        668, 1.41268190597821309E-012
        669, 1.64051184555298706E-012
        670, 1.47635513480634894E-012
        671, 1.51483941465998497E-012
        672, 1.52097669725215948E-012
        673, 1.49163513893906214E-012
        674, 1.47732112899333341E-012
        675, 1.47937538512274559E-012
        676, 1.39016240746171073E-012
        677, 1.58770921509459240E-012
        678, 1.43838310812889871E-012
        679, 1.41842755389352869E-012
        680, 1.57299156622916066E-012
        681, 1.61674888132086078E-012
        682, 1.47578169087728046E-012
        683, 1.58556180848325537E-012
        684, 1.70267517771961497E-012
        685, 1.48235062228928793E-012
        686, 1.43736780036303082E-012
        687, 1.47535677808163153E-012
        688, 1.60006106887235585E-012
        689, 1.48331421412898366E-012
        690, 1.45121185042358947E-012
        691, 1.52704059842610538E-012
        692, 1.56655812949197349E-012
        693, 1.71824068650813668E-012
        694, 1.56794594367263506E-012
        695, 1.53604982490293775E-012
        696, 1.60792956386122480E-012
        697, 1.63380444009661860E-012
        698, 1.51354236802926859E-012
        699, 1.52083629553078465E-012
        700, 1.63976421687851788E-012
        701, 1.62010569850068000E-012
        702, 1.55329029020322816E-012
        703, 1.53247288761334261E-012
        704, 1.63883499800124149E-012
        705, 1.78397026796588718E-012
        706, 1.56868463064225932E-012
        707, 1.68625482345143728E-012
        708, 1.58222305593830219E-012
        709, 1.62690733119309201E-012
        710, 1.52276078173111752E-012
        711, 1.63559682938132428E-012
        712, 1.60250779083813799E-012
        713, 1.65709689173963173E-012
        714, 1.68475002218051700E-012
        715, 1.53608070674622462E-012
        716, 1.47850001567430017E-012
        717, 1.65968684343026760E-012
        718, 1.46855936657876256E-012
        719, 1.68034622409310152E-012
        720, 1.72822991968888751E-012
        721, 1.56369755291332859E-012
        722, 1.66677029531736907E-012
        723, 1.66406732120302639E-012
        724, 1.65574533009934150E-012
        725, 1.52474073252367340E-012
        726, 1.56448692738702794E-012
        727, 1.49297041708044972E-012
        728, 1.54951948806496047E-012
        729, 1.67800254293852852E-012
        730, 1.66739563162229736E-012
        731, 1.65850210329669850E-012
        732, 1.58801656748212798E-012
        733, 1.61191534008296335E-012
        734, 1.67436126528647085E-012
        735, 1.69233973366786800E-012
        736, 1.66299745877804169E-012
        737, 1.78130884915861651E-012
        738, 1.63386075009085244E-012
        739, 1.83720868119988474E-012
        740, 1.69907817044905323E-012
        741, 1.65106047942869320E-012
        742, 1.64421749614115580E-012
        743, 1.65628459175638417E-012
        744, 1.64092260783938062E-012
        745, 1.77454672725864966E-012
        746, 1.94756553216258620E-012
        747, 1.78357813420242600E-012
        748, 1.89060214322490497E-012
        749, 1.80752631189113344E-012
        750, 1.93417902419133643E-012
        751, 1.90285634036488082E-012
        752, 1.85769717313387734E-012
        753, 1.88344041916582985E-012
        754, 1.78214079276100922E-012
        755, 1.78719477278717121E-012
        756, 1.84758780580118621E-012
        757, 1.87608805818022497E-012
        758, 1.61165446669239495E-012
        759, 1.81636815423271612E-012
        760, 1.77487730722814518E-012
        761, 1.79205393887514160E-012
        762, 1.76874309605206320E-012
        763, 1.79196695185969704E-012
        764, 2.07182134974688992E-012
        765, 1.76197642663838477E-012
        766, 2.01416522003166219E-012
        767, 1.97770370724363038E-012
        768, 2.01173321906345419E-012
        769, 1.84929646244175988E-012
        770, 1.85496958599235417E-012
        771, 1.97666389073104381E-012
        772, 1.75918473803570940E-012
        773, 1.85620898684894670E-012
        774, 1.71389313081000663E-012
        775, 1.83280976833423896E-012
        776, 1.97009932697603095E-012
        777, 1.88886776752724725E-012
        778, 1.73075934945896190E-012
        779, 2.10915594003376241E-012
        780, 1.91318940634807392E-012
        781, 1.86814309914936301E-012
        782, 1.99627906906548471E-012
        783, 2.14709545355395546E-012
        784, 1.84064924781547559E-012
        785, 2.06666160291526005E-012
        786, 1.91206715917343816E-012
        787, 1.92902647590673202E-012
        788, 2.01310047411457005E-012
        789, 1.96946614666094317E-012
        790, 1.84254821669939749E-012
        791, 1.84713573159116424E-012
        792, 1.95416197731484975E-012
        793, 1.83923902066677719E-012
        794, 1.86763724820451758E-012
        795, 1.85971661322207712E-012
        796, 2.04359047162591822E-012
        797, 2.11781293830297257E-012
        798, 1.94657498522689587E-012
        799, 2.04914344711460850E-012
        800, 2.00059922666618504E-012
        801, 1.85886445488904148E-012
        802, 1.78208498331275021E-012
        803, 1.96862082124346610E-012
        804, 1.78821732950798257E-012
        805, 1.91158788370547810E-012
        806, 2.12593257290316327E-012
        807, 2.14695087546702581E-012
        808, 2.01483785642636123E-012
        809, 2.01294969062536709E-012
        810, 1.76714954498891495E-012
        811, 2.12570801904678387E-012
        812, 2.10457555040271676E-012
        813, 1.89942503200671504E-012
        814, 2.04855860466881085E-012
        815, 2.04543034018324172E-012
        816, 2.16160706531505116E-012
        817, 1.89059439782249353E-012
        818, 2.24782187269893124E-012
        819, 2.15630905076693576E-012
        820, 2.01405534823315286E-012
        821, 2.09380039913136024E-012
        822, 2.17557152469693995E-012
        823, 1.98366961717053674E-012
        824, 2.01467307972892986E-012
        825, 2.21206528548892157E-012
        826, 2.03143704415123004E-012
        827, 1.98934680176695873E-012
        828, 2.12167918405807344E-012
        829, 2.12895852164785320E-012
        830, 1.94436753837869918E-012
        831, 2.15577159877099331E-012
        832, 1.92979902508694763E-012
        833, 1.96341107320225443E-012
        834, 2.11708702218410889E-012
        835, 2.31168100655011154E-012
        836, 2.10473225125623264E-012
        837, 2.00845964391668911E-012
        838, 1.99538922472265135E-012
        839, 1.99973171057588034E-012
        840, 2.07423644443410303E-012
        841, 2.08508586337429355E-012
        842, 2.19486417180848535E-012
        843, 2.15468584993588584E-012
        844, 2.23374543440744355E-012
        845, 2.02583785722859582E-012
        846, 2.10988467741098204E-012
        847, 2.14946209601416843E-012
        848, 2.32965329940514502E-012
        849, 2.12550013218454572E-012
        850, 2.25830404307998683E-012
        851, 2.11699093770347066E-012
        852, 2.10425732684620234E-012
        853, 2.28963900999010437E-012
        854, 2.08014007115747474E-012
        855, 2.20128180596630989E-012
        856, 2.03152039516083998E-012
        857, 2.13803965344313510E-012
        858, 2.20989239733444739E-012
        859, 2.29802698281552304E-012
        860, 1.90083956360063444E-012
        861, 2.02743337627564529E-012
        862, 2.26923392504469952E-012
        863, 2.50995245091688288E-012
        864, 2.28386234070965350E-012
        865, 2.33549881417626779E-012
        866, 2.25117513758747650E-012
        867, 2.29406754947763336E-012
        868, 2.13170289070793278E-012
        869, 2.24670276722907849E-012
        870, 1.94903294335179666E-012
        871, 2.29314536816109520E-012
        872, 2.19455809850831871E-012
        873, 2.13793859398909828E-012
        874, 2.17978524671682930E-012
        875, 2.04141020648217098E-012
        876, 2.13190554661317947E-012
        877, 2.19508249237533164E-012
        878, 2.42581226709494411E-012
        879, 2.22254113433394661E-012
        880, 2.30265118802970535E-012
        881, 2.21675687667139855E-012
        882, 2.12886820079533433E-012
        883, 2.21568680554639585E-012
        884, 2.13418939547529446E-012
        885, 2.28628360362339347E-012
        886, 2.10573403715506615E-012
        887, 2.40876018446240744E-012
        888, 2.09198067009532881E-012
        889, 2.01184323622860390E-012
        890, 2.19209489406699314E-012
        891, 2.30802196356526970E-012
        892, 2.34511993835314186E-012
        893, 2.13528405967873542E-012
        894, 2.07626133156425718E-012
        895, 2.27750930163090821E-012
        896, 2.29798732451316145E-012
        897, 2.29102964216539839E-012
        898, 2.10958041409068833E-012
        899, 2.19455931560644236E-012
        900, 2.34507826035515515E-012
        901, 2.31521350352868766E-012
        902, 2.39463451621497804E-012
        903, 2.18604081105754151E-012
        904, 2.20778170217127709E-012
        905, 2.21763604928953664E-012
        906, 2.18049989816186835E-012
        907, 2.50236636526329366E-012
        908, 2.29360939043878814E-012
        909, 2.54185599104787129E-012
        910, 2.53726051770041981E-012
        911, 2.40087974524858088E-012
        912, 2.38141321641493465E-012
        913, 2.21479151693154234E-012
        914, 2.17156021682438979E-012
        915, 2.42448607373115589E-012
        916, 2.32239883397524166E-012
        917, 2.56870368254014938E-012
        918, 2.39808449790333301E-012
        919, 2.32620192271871284E-012
        920, 2.41857913141750093E-012
        921, 2.44161257123282482E-012
        922, 2.75911593972880033E-012
        923, 2.72512793556714805E-012
        924, 2.60056320531832363E-012
        925, 2.43920524004090431E-012
        926, 2.40478428813774921E-012
        927, 2.88766086401481643E-012
        928, 2.61594724130177662E-012
        929, 2.67537140507592086E-012
        930, 2.58646580884674429E-012
        931, 2.75373649379496031E-012
        932, 2.69886542850569885E-012
        933, 2.63614863378447660E-012
        934, 2.54931023909336908E-012
        935, 2.51199287832134435E-012
        936, 2.85499770217266110E-012
        937, 2.72525728627210904E-012
        938, 2.46972922030895512E-012
        939, 2.76196871979592188E-012
        940, 2.70426405635291144E-012
        941, 2.59075085298854431E-012
        942, 2.78168782391530529E-012
        943, 2.82722116599838875E-012
        944, 2.89536580801225883E-012
        945, 2.63536982655795289E-012
        946, 3.12091566896722025E-012
        947, 2.75072734228373574E-012
        948, 2.71206112534038714E-012
        949, 2.70621809011230045E-012
        950, 2.84281140144040385E-012
        951, 3.01013588807307419E-012
        952, 2.47966150382452087E-012
        953, 2.61977197218440865E-012
        954, 2.95325225608060776E-012
        955, 3.05596109243153455E-012
        956, 2.81625383643875477E-012
        957, 3.03053405551114730E-012
        958, 2.67090984126953989E-012
        959, 2.57138266340713462E-012
        960, 3.28260519151529780E-012
        961, 2.70868634308638623E-012
        962, 2.83813485287239368E-012
        963, 2.88978650526901322E-012
        964, 3.18736815731822331E-012
        965, 2.80779940165108468E-012
        966, 2.76707785689767811E-012
        967, 3.09584474093034039E-012
        968, 2.74552718904109353E-012
        969, 2.86570426719584520E-012
        970, 3.05278060588440918E-012
        971, 2.70516238752651938E-012
        972, 3.05683629236101169E-012
        973, 2.83202288274227273E-012
        974, 2.74283483160684816E-012
        975, 2.91191583253703264E-012
        976, 2.92038476538263926E-012
        977, 2.64432325626396619E-012
        978, 2.95707618925500905E-012
        979, 2.86631145811610448E-012
        980, 3.01519037313690291E-012
        981, 3.13692928378025485E-012
        982, 2.93795553338082107E-012
        983, 3.18058894194727525E-012
        984, 3.24360587376531236E-012
        985, 3.10206285129784864E-012
        986, 3.27101138447086157E-012
        987, 2.98492130144228564E-012
        988, 3.06647368561703205E-012
        989, 3.21254073980320483E-012
        990, 3.14426099108077272E-012
        991, 3.19397727129175510E-012
        992, 3.15170763169445504E-012
        993, 3.17946298744372948E-012
        994, 3.18072447570911508E-012
        995, 3.35427079914038452E-012
        996, 2.99912262052015474E-012
        997, 3.21203397672738765E-012
        998, 3.31470081489607371E-012
        999, 3.50379762117924984E-012
       1000, 3.51798297746131754E-012
       1001, 3.34848442774343903E-012
       1002, 3.49212606656262420E-012
       1003, 3.44053571187917565E-012
       1004, 3.38604578319221754E-012
       1005, 3.45328956900995733E-012
       1006, 3.49201052400505609E-012
       1007, 3.48456383742393860E-012
       1008, 3.48565106421779564E-012
       1009, 3.59763665531666551E-012
       1010, 3.84464804416574516E-012
       1011, 3.86519910769491754E-012
       1012, 3.73475228324191424E-012
       1013, 3.97979112226034489E-012
       1014, 4.26727615388657007E-012
       1015, 4.18286389611857861E-012
       1016, 4.84504075668722913E-012
       1017, 4.26714510702974198E-012
       1018, 4.58629941000671892E-012
       1019, 4.92984846953284099E-012
       1020, 4.47853601982107161E-012
       1021, 4.99791292174676744E-012
       1022, 4.54065526443706419E-012
       1023, 6.73544134666244679E-012
       1024, 4.73838914606912088E-012
       1025, 8.82575356655366369E-013
       1026, 8.09032873368223048E-013
       1027, 8.76438780924227914E-013
       1028, 8.54754146448552991E-013
       1029, 8.45986011994320756E-013
       1030, 7.97569061362612993E-013
       1031, 8.18938335215277460E-013
       1032, 8.01649638924029002E-013
       1033, 7.98861575037021574E-013
       1034, 7.97494214849166662E-013
       1035, 9.30626821732033390E-013
       1036, 8.03587639421049587E-013
       1037, 8.26547429853299153E-013
       1038, 8.79762990847387376E-013
       1039, 8.16650400403111595E-013
       1040, 8.29857133279733525E-013
       1041, 8.14197662651297380E-013
       1042, 7.96606623686600408E-013
       1043, 8.12517043929226739E-013
       1044, 8.42410840060662815E-013
       1045, 8.57811213604564554E-013
       1046, 8.67567327231119853E-013
       1047, 8.49429209715264253E-013
       1048, 7.70407824958280696E-013
       1049, 7.67712944617376269E-013
       1050, 8.11520268022719029E-013
       1051, 8.39570183637727348E-013
       1052, 8.23177533867257236E-013
       1053, 7.97506933037518469E-013
       1054, 8.36138538752200161E-013
       1055, 7.86670879356077720E-013
       1056, 8.34985596865664675E-013
       1057, 8.64395320288913142E-013
       1058, 8.30446542188258350E-013
       1059, 8.23821704699579485E-013
       1060, 7.80383230844897383E-013
       1061, 7.83141065987846979E-013
       1062, 8.91744615693816271E-013
       1063, 8.16794687021729033E-013
       1064, 8.13307227825508122E-013
       1065, 8.66381176011380731E-013
       1066, 8.31079297605997367E-013
       1067, 8.29868235976541187E-013
       1068, 8.14254174621907451E-013
       1069, 8.88344394003682159E-013
       1070, 8.48603602976775029E-013
       1071, 8.53138880257491104E-013
       1072, 7.90581172940894133E-013
       1073, 8.30641803595522298E-013
       1074, 8.20465352659470062E-013
       1075, 8.01312965361706393E-013
       1076, 8.43865918846819799E-013
       1077, 8.77398624397305817E-013
       1078, 9.17392109580418570E-013
       1079, 7.94976538168563814E-013
       1080, 8.15633233802127926E-013
       1081, 8.11711172682679417E-013
       1082, 9.05442398252480991E-013
       1083, 9.15570835317578854E-013
       1084, 8.90053874056763024E-013
       1085, 9.16157459896573983E-013
       1086, 8.37298637939572176E-013
       1087, 8.97189822883873414E-013
       1088, 8.43865056838627653E-013
       1089, 8.35425482034950399E-013
       1090, 8.18406353190467992E-013
       1091, 7.83649670695543249E-013
       1092, 8.59747928615943773E-013
       1093, 8.27013667807821718E-013
       1094, 8.99046531936912619E-013
       1095, 8.59270416222213871E-013
       1096, 9.18279319701276901E-013
       1097, 8.20413995471110337E-013
       1098, 8.98874942611070557E-013
       1099, 7.87700126638807400E-013
       1100, 8.28570784813586591E-013
       1101, 9.01293680250966551E-013
       1102, 8.57372261876891069E-013
       1103, 8.53343186003133781E-013
       1104, 8.16022476993173581E-013
       1105, 8.95877856382457031E-013
       1106, 8.45936707542822658E-013
       1107, 8.07336811555977954E-013
       1108, 8.25505061306348549E-013
       1109, 8.33858707758780672E-013
       1110, 8.71241164787824757E-013
       1111, 8.17453596960941836E-013
       1112, 8.11557604491049358E-013
       1113, 8.33698042104833236E-013
       1114, 8.35752663900514793E-013
       1115, 8.14317297389777419E-013
       1116, 8.81923784501750289E-013
       1117, 8.59204813473157559E-013
       1118, 8.35394552475508568E-013
       1119, 8.39234359364204588E-013
       1120, 8.11524140358121289E-013
       1121, 8.22218220846198241E-013
       1122, 8.27621595923644224E-013
       1123, 8.05877461289009143E-013
       1124, 8.29420875434328502E-013
       1125, 8.83588712821949093E-013
       1126, 8.48439409000892149E-013
       1127, 8.93149895935686661E-013
       1128, 8.15536451924721701E-013
       1129, 8.17608343666760649E-013
       1130, 8.30739903603828015E-013
       1131, 8.73490352274709674E-013
       1132, 8.60097285913056610E-013
       1133, 8.73140837094303788E-013
       1134, 8.68652247109999896E-013
       1135, 8.87695699926833578E-013
       1136, 8.17116598397221758E-013
       1137, 8.51540494708553905E-013
       1138, 8.30072612125354441E-013
       1139, 8.29071178177290592E-013
       1140, 8.54234084357296923E-013
       1141, 8.41031176709539861E-013
       1142, 9.52345665532417667E-013
       1143, 8.16305424526328600E-013
       1144, 8.49201897037019702E-013
       1145, 8.37527045231335152E-013
       1146, 8.48385182789211896E-013
       1147, 8.81750291566971734E-013
       1148, 8.76884110646961187E-013
       1149, 8.81308164274909327E-013
       1150, 9.32655984341626403E-013
       1151, 7.99880874743878468E-013
       1152, 7.94977943090684884E-013
       1153, 8.68155223739641984E-013
       1154, 8.01737761388022370E-013
       1155, 8.56670587350271989E-013
       1156, 8.40649669150691224E-013
       1157, 8.47650385074220808E-013
       1158, 8.51817700401491260E-013
       1159, 8.54087772034755491E-013
       1160, 8.60359201067415515E-013
       1161, 8.94809257560778829E-013
       1162, 9.09553743862190447E-013
       1163, 8.94245394044013652E-013
       1164, 8.46311123786944578E-013
       1165, 8.32055407305006736E-013
       1166, 8.57410546934505196E-013
       1167, 9.37040546772045121E-013
       1168, 8.89819754118323047E-013
       1169, 8.89569312472066420E-013
       1170, 8.69033135292013897E-013
       1171, 9.08288989236850460E-013
       1172, 8.60914116224349169E-013
       1173, 8.63185841981107182E-013
       1174, 7.89556927558438496E-013
       1175, 8.42962039202449519E-013
       1176, 9.01310081713389235E-013
       1177, 8.31933019517949549E-013
       1178, 8.71852191104204670E-013
       1179, 8.33907342930837859E-013
       1180, 9.14524069944867596E-013
       1181, 8.91989906896147981E-013
       1182, 8.64767427145395799E-013
       1183, 8.37676726579890382E-013
       1184, 8.68811713556186746E-013
       1185, 8.21586646040447180E-013
       1186, 9.27616777987741027E-013
       1187, 8.60977957626747885E-013
       1188, 9.09820944664149076E-013
       1189, 8.70313161237872597E-013
       1190, 8.78212452632279300E-013
       1191, 8.51751098161690457E-013
       1192, 8.49457695562348460E-013
       1193, 8.55686594517523154E-013
       1194, 8.16911149941944136E-013
       1195, 8.63455210487008624E-013
       1196, 8.77047293139326781E-013
       1197, 8.86571217323349546E-013
       1198, 9.92743093627601743E-013
       1199, 8.45105941314863784E-013
       1200, 8.70981558650176508E-013
       1201, 8.48171165401859625E-013
       1202, 8.27239887368702398E-013
       1203, 9.26697816744541633E-013
       1204, 8.71303064218962884E-013
       1205, 8.28450393950911886E-013
       1206, 8.65063353078358372E-013
       1207, 8.58750310076262284E-013
       1208, 8.60322104064326508E-013
       1209, 8.96161495902219086E-013
       1210, 9.35031469569315475E-013
       1211, 8.30605099679807423E-013
       1212, 8.70296108823934046E-013
       1213, 8.85976287099766363E-013
       1214, 8.56433188664294516E-013
       1215, 8.33569149548861697E-013
       1216, 9.34101417211871827E-013
       1217, 8.63993364198328883E-013
       1218, 9.55479298014463490E-013
       1219, 8.13494904750603373E-013
       1220, 9.49735254711798115E-013
       1221, 8.87645015196729570E-013
       1222, 8.44823979807507886E-013
       1223, 8.43398562683780104E-013
       1224, 8.82239890073243594E-013
       1225, 8.84424006970757114E-013
       1226, 8.85223620517538766E-013
       1227, 9.04535286091585064E-013
       1228, 8.38808375835681638E-013
       1229, 9.11756575086364630E-013
       1230, 8.64479755663252507E-013
       1231, 8.80845518122749069E-013
       1232, 8.72773179969107736E-013
       1233, 9.22609337761061377E-013
       1234, 9.01208813140640454E-013
       1235, 1.03216285731092027E-012
       1236, 9.04112435322790214E-013
       1237, 8.80679281473178548E-013
       1238, 8.87907581781509706E-013
       1239, 8.80164937661234062E-013
       1240, 9.90212288493821141E-013
       1241, 9.18073047885471383E-013
       1242, 9.07841398760513369E-013
       1243, 8.41096787472540556E-013
       1244, 8.87178565474183772E-013
       1245, 9.48753056833386816E-013
       1246, 8.95408442305926755E-013
       1247, 8.52695257258472087E-013
       1248, 9.20245456412644432E-013
       1249, 8.73918405351417368E-013
       1250, 9.26764101152778092E-013
       1251, 9.72988657746878546E-013
       1252, 8.72618476412585076E-013
       1253, 8.66367468300997464E-013
       1254, 8.83567056476402784E-013
       1255, 9.36491740731506447E-013
       1256, 9.53586385914878915E-013
       1257, 9.25231730754016039E-013
       1258, 9.03273216642087817E-013
       1259, 9.31228624131618154E-013
       1260, 8.70136301997142014E-013
       1261, 9.51338705089234899E-013
       1262, 9.35525539611590763E-013
       1263, 8.74649443584567408E-013
       1264, 8.91841598827226194E-013
       1265, 9.44912657082156397E-013
       1266, 9.55045335132903113E-013
       1267, 1.00411407123806838E-012
       1268, 9.61179803250595681E-013
       1269, 1.00541203221454835E-012
       1270, 1.00663798271895229E-012
       1271, 8.92039618838435509E-013
       1272, 9.29108911552416186E-013
       1273, 9.78425314634113280E-013
       1274, 1.05906501268618753E-012
       1275, 9.15710842201894754E-013
       1276, 9.15367073966292921E-013
       1277, 9.44436589927602646E-013
       1278, 8.73293708224423099E-013
       1279, 9.95952630554113425E-013
       1280, 1.05352318439596412E-012
       1281, 9.55008535802106932E-013
       1282, 8.84918581570432239E-013
       1283, 9.43093206604276858E-013
       1284, 9.10672379994898578E-013
       1285, 1.07160340105063968E-012
       1286, 1.03789113090682403E-012
       1287, 1.03681700526002486E-012
       1288, 9.13392977866341684E-013
       1289, 1.02663402263783949E-012
       1290, 9.62455362348232218E-013
       1291, 9.44500934820803194E-013
       1292, 9.81701569399943276E-013
       1293, 9.72064715740198427E-013
       1294, 1.00576349901942943E-012
       1295, 9.87665326697334731E-013
       1296, 9.85012395645360003E-013
       1297, 9.60641650766143102E-013
       1298, 1.02661422097823819E-012
       1299, 1.01761870821086630E-012
       1300, 1.06932665355947362E-012
       1301, 1.04349535097249489E-012
       1302, 9.72456280108525644E-013
       1303, 9.99382111559258088E-013
       1304, 1.05798553780998196E-012
       1305, 1.07509693832572152E-012
       1306, 1.06214502254827587E-012
       1307, 1.06001852129687953E-012
       1308, 9.50677403019233730E-013
       1309, 1.04256445014358783E-012
       1310, 1.11316845156620621E-012
       1311, 1.11243120313584294E-012
       1312, 1.01868232432149317E-012
       1313, 1.13119826322918119E-012
       1314, 1.07885720142330329E-012
       1315, 1.08652524353538247E-012
       1316, 1.08793165125711958E-012
       1317, 1.04603920338344214E-012
       1318, 1.01173932266729362E-012
       1319, 1.06286400222584737E-012
       1320, 1.08210367630621785E-012
       1321, 1.12757422721173841E-012
       1322, 1.09238439086160904E-012
       1323, 1.05686150206787889E-012
       1324, 1.10454077788255995E-012
       1325, 1.06835026946491401E-012
       1326, 1.07809068294114178E-012
       1327, 1.09690019544982669E-012
       1328, 1.01335098947972521E-012
       1329, 1.05901381977381628E-012
       1330, 1.02683083173448152E-012
       1331, 1.03113455762689148E-012
       1332, 1.12114688728967029E-012
       1333, 1.06996334182326000E-012
       1334, 1.07660620102915387E-012
       1335, 1.11942290359206629E-012
       1336, 1.05378943116858650E-012
       1337, 1.06327002963381408E-012
       1338, 1.14152825479487791E-012
       1339, 9.99113372895549831E-013
       1340, 1.00713565614265656E-012
       1341, 1.02949557528730620E-012
       1342, 1.01307881630237508E-012
       1343, 1.08832578202773098E-012
       1344, 1.16619523331934366E-012
       1345, 1.14491668080241879E-012
       1346, 1.06082217448458122E-012
       1347, 1.18738188911054510E-012
       1348, 1.17281281561154967E-012
       1349, 1.10683578970762848E-012
       1350, 1.11302565796591456E-012
       1351, 1.01366198175247454E-012
       1352, 1.06416967844998486E-012
       1353, 1.09951261878967794E-012
       1354, 1.15904918725373194E-012
       1355, 1.07130041002692942E-012
       1356, 9.63749512019528354E-013
       1357, 9.48400213639266810E-013
       1358, 1.04727287544434249E-012
       1359, 1.13553534257712854E-012
       1360, 1.13348003908958744E-012
       1361, 1.04166045046372408E-012
       1362, 1.05873378777157438E-012
       1363, 1.07632428594404990E-012
       1364, 1.10254712964663513E-012
       1365, 1.05450423479015411E-012
       1366, 1.05927458493572820E-012
       1367, 1.02401797091435619E-012
       1368, 1.08351153418715434E-012
       1369, 1.12692796671469480E-012
       1370, 1.18461432594700064E-012
       1371, 1.21563258675437223E-012
       1372, 1.05566825105744427E-012
       1373, 1.14111396758871056E-012
       1374, 1.23951531272450610E-012
       1375, 1.11203277903762957E-012
       1376, 1.19561160563565553E-012
       1377, 1.18668502371847652E-012
       1378, 1.08471817556166251E-012
       1379, 1.31630042319712795E-012
       1380, 1.12179977451248063E-012
       1381, 1.13760686922873709E-012
       1382, 1.17535116076765146E-012
       1383, 1.18889164321019612E-012
       1384, 1.15609452824918439E-012
       1385, 1.12555627115397363E-012
       1386, 1.21526596217774168E-012
       1387, 1.11752973364605994E-012
       1388, 1.20820289298908723E-012
       1389, 1.12410198989739677E-012
       1390, 1.25894701771399354E-012
       1391, 1.15098753416370343E-012
       1392, 1.08764350305885897E-012
       1393, 1.21480384909950307E-012
       1394, 1.12120541070034277E-012
       1395, 1.16429979035328670E-012
       1396, 1.25809633269502896E-012
       1397, 1.22571308195257704E-012
       1398, 1.18166261237845567E-012
       1399, 1.18245677884197036E-012
       1400, 1.33960254057587688E-012
       1401, 1.24006128923212307E-012
       1402, 1.24010829926951882E-012
       1403, 1.23034307689223618E-012
       1404, 1.24377755766910264E-012
       1405, 1.22163510440866469E-012
       1406, 1.23857374960490633E-012
       1407, 1.22322838793472714E-012
       1408, 1.31453657170287707E-012
       1409, 1.14240715775490180E-012
       1410, 1.18949104645672824E-012
       1411, 1.37705702312374868E-012
       1412, 1.29670019760650143E-012
       1413, 1.26067576034328671E-012
       1414, 1.16853050910960393E-012
       1415, 1.22952006724715544E-012
       1416, 1.25796391254140816E-012
       1417, 1.24387371501938530E-012
       1418, 1.31779945610711585E-012
       1419, 1.24043321155839990E-012
       1420, 1.26737442579715938E-012
       1421, 1.21932889649252639E-012
       1422, 1.20604079569088362E-012
       1423, 1.28695154825065898E-012
       1424, 1.34436976781982442E-012
       1425, 1.21257053243756020E-012
       1426, 1.41224409651665519E-012
       1427, 1.30610525225653807E-012
       1428, 1.40569206847450970E-012
       1429, 1.35328099117539270E-012
       1430, 1.36040112343855299E-012
       1431, 1.30848724042661613E-012
       1432, 1.20248652102107129E-012
       1433, 1.29046565961422915E-012
       1434, 1.16027414171385012E-012
       1435, 1.42646229388285182E-012
       1436, 1.34035786606005927E-012
       1437, 1.24840435200404385E-012
       1438, 1.26638325020724001E-012
       1439, 1.32278798603165133E-012
       1440, 1.40789340859659580E-012
       1441, 1.32386045254288773E-012
       1442, 1.36462934539568516E-012
       1443, 1.23715205929790854E-012
       1444, 1.24655330196308141E-012
       1445, 1.29472208547223918E-012
       1446, 1.39361600575302136E-012
       1447, 1.27381633094540167E-012
       1448, 1.32706091027446342E-012
       1449, 1.24035337697154156E-012
       1450, 1.32887088312201158E-012
       1451, 1.26363300314795846E-012
       1452, 1.31364048114274472E-012
       1453, 1.30123472147753214E-012
       1454, 1.28313387852940622E-012
       1455, 1.32576931353099574E-012
       1456, 1.31072173955993427E-012
       1457, 1.38936554676674508E-012
       1458, 1.34059479378117274E-012
       1459, 1.28960360035431718E-012
       1460, 1.29395742577245785E-012
       1461, 1.39234456488075981E-012
       1462, 1.26071319838908052E-012
       1463, 1.35707824030047904E-012
       1464, 1.32521007037122473E-012
       1465, 1.45010728259541191E-012
       1466, 1.32055533937295008E-012
       1467, 1.41838825942467050E-012
       1468, 1.36044067289083907E-012
       1469, 1.36552727790489209E-012
       1470, 1.25023150856705374E-012
       1471, 1.36907011411398327E-012
       1472, 1.38190485621011396E-012
       1473, 1.38067028702033438E-012
       1474, 1.35543366101889020E-012
       1475, 1.32883569214036465E-012
       1476, 1.26912328484773183E-012
       1477, 1.37581593020560972E-012
       1478, 1.40571559054548562E-012
       1479, 1.37458988166711919E-012
       1480, 1.39066508058718353E-012
       1481, 1.37691711810506015E-012
       1482, 1.42431045243629073E-012
       1483, 1.31691405303739550E-012
       1484, 1.42656916356845438E-012
       1485, 1.33617200821495048E-012
       1486, 1.35989118204336077E-012
       1487, 1.35089481076509233E-012
       1488, 1.28813559864526969E-012
       1489, 1.54828423521853749E-012
       1490, 1.39831294013636255E-012
       1491, 1.46862854062996413E-012
       1492, 1.32198279013007951E-012
       1493, 1.29061837308919429E-012
       1494, 1.37948417372778943E-012
       1495, 1.42033568031936740E-012
       1496, 1.44590993827872513E-012
       1497, 1.41526707537631751E-012
       1498, 1.41070042749444016E-012
       1499, 1.32286463759473836E-012
       1500, 1.31590348011865852E-012
       1501, 1.35088514721693421E-012
       1502, 1.45526161729753034E-012
       1503, 1.38880550527644542E-012
       1504, 1.34395883412226613E-012
       1505, 1.32478194394837234E-012
       1506, 1.34836449007038589E-012
       1507, 1.30143621733892135E-012
       1508, 1.28226377892957198E-012
       1509, 1.31972388738349009E-012
       1510, 1.30505888571738161E-012
       1511, 1.34118801446326283E-012
       1512, 1.35069049556087694E-012
       1513, 1.25335466753005357E-012
       1514, 1.35243938774301206E-012
       1515, 1.31194868758235327E-012
       1516, 1.26947696005932345E-012
       1517, 1.32377516178622075E-012
       1518, 1.39220943913953080E-012
       1519, 1.24421139221417239E-012
       1520, 1.29825326029792617E-012
       1521, 1.28856601769306528E-012
       1522, 1.31735085166988452E-012
       1523, 1.32702026802467396E-012
       1524, 1.35278604075351548E-012
       1525, 1.32891974979179465E-012
       1526, 1.38251765227223960E-012
       1527, 1.25572432859236432E-012
       1528, 1.27846828172782072E-012
       1529, 1.34567512204060544E-012
       1530, 1.35604944532562896E-012
       1531, 1.32032718136468960E-012
       1532, 1.24580118796886629E-012
       1533, 1.28639497839358175E-012
       1534, 1.33939481894070185E-012
       1535, 1.41300658312069672E-012
       1536, 1.39424582867722359E-012
       1537, 1.30850203351646770E-012
       1538, 1.30421463815673052E-012
       1539, 1.34969078850860168E-012
       1540, 1.35101464690056775E-012
       1541, 1.27181420033436657E-012
       1542, 1.33939125713993297E-012
       1543, 1.42851668083527369E-012
       1544, 1.36034205202058515E-012
       1545, 1.34735491676625764E-012
       1546, 1.31961470095100846E-012
       1547, 1.33032743515647977E-012
       1548, 1.36113402785727185E-012
       1549, 1.39419933440225311E-012
       1550, 1.28738365387581575E-012
       1551, 1.32018190516067647E-012
       1552, 1.38576295135938837E-012
       1553, 1.35327022512400366E-012
       1554, 1.39212970033597657E-012
       1555, 1.27761275036980933E-012
       1556, 1.30896413740180348E-012
       1557, 1.36651931573165402E-012
       1558, 1.34585377029797473E-012
       1559, 1.42052742097498673E-012
       1560, 1.29647310819006832E-012
       1561, 1.39080466469398001E-012
       1562, 1.39313408618219756E-012
       1563, 1.34485268737487682E-012
       1564, 1.36229228532063329E-012
       1565, 1.40072725340066436E-012
       1566, 1.37602278236281926E-012
       1567, 1.39271666291187863E-012
       1568, 1.40178600028084836E-012
       1569, 1.34460929105442483E-012
       1570, 1.29699760851718337E-012
       1571, 1.32555006265572925E-012
       1572, 1.32413087307989815E-012
       1573, 1.39710757031547738E-012
       1574, 1.28476671729404955E-012
       1575, 1.38801536307860327E-012
       1576, 1.34358944829925145E-012
       1577, 1.32775670772089162E-012
       1578, 1.35347677341637419E-012
       1579, 1.52902586622014629E-012
       1580, 1.36508065193105238E-012
       1581, 1.40379374829966579E-012
       1582, 1.44443725047045239E-012
       1583, 1.46416771132476548E-012
       1584, 1.33298176954222279E-012
       1585, 1.40907760478084880E-012
       1586, 1.40494888031542419E-012
       1587, 1.43068621029497021E-012
       1588, 1.35229098480605738E-012
       1589, 1.29644617000430106E-012
       1590, 1.42088584664777751E-012
       1591, 1.32389093206127764E-012
       1592, 1.34013414985723787E-012
       1593, 1.30146596816212137E-012
       1594, 1.34900523501421099E-012
       1595, 1.32632854382401068E-012
       1596, 1.40154185281064053E-012
       1597, 1.38813525358238137E-012
       1598, 1.29428613399936995E-012
       1599, 1.45240517286704785E-012
       1600, 1.38569289173805096E-012
       1601, 1.36713274213305357E-012
       1602, 1.34153519801490043E-012
       1603, 1.33568646269097140E-012
       1604, 1.40647686594809742E-012
       1605, 1.35397234676716660E-012
       1606, 1.48366465814156821E-012
       1607, 1.35747557715618042E-012
       1608, 1.44724132486407637E-012
       1609, 1.41402390182474760E-012
       1610, 1.46145927205607480E-012
       1611, 1.41243662086698728E-012
       1612, 1.37992417132154097E-012
       1613, 1.35191185487450154E-012
       1614, 1.54248695857650695E-012
       1615, 1.40722515227247485E-012
       1616, 1.42792727023316694E-012
       1617, 1.39259558005068769E-012
       1618, 1.43439350288150377E-012
       1619, 1.45010934895062728E-012
       1620, 1.40627746027592367E-012
       1621, 1.43067662848987358E-012
       1622, 1.31429636902779424E-012
       1623, 1.37950462821299989E-012
       1624, 1.36737814136916913E-012
       1625, 1.45482053172519805E-012
       1626, 1.53292539037342105E-012
       1627, 1.31520028224932208E-012
       1628, 1.44151953677969193E-012
       1629, 1.44524528109603033E-012
       1630, 1.46233361777861386E-012
       1631, 1.40735185646904344E-012
       1632, 1.48115556157657360E-012
       1633, 1.53770273696098073E-012
       1634, 1.48364937616809402E-012
       1635, 1.39507017325603542E-012
       1636, 1.39353065350569907E-012
       1637, 1.51973187568391691E-012
       1638, 1.38952854310478802E-012
       1639, 1.48880451442257803E-012
       1640, 1.47392373328328787E-012
       1641, 1.60094702170031096E-012
       1642, 1.42526185662554806E-012
       1643, 1.47156172020130699E-012
       1644, 1.33947903264390223E-012
       1645, 1.46209359378264873E-012
       1646, 1.48199309468631736E-012
       1647, 1.32010040375695461E-012
       1648, 1.41322371059718877E-012
       1649, 1.41237566676741994E-012
       1650, 1.37426009011386902E-012
       1651, 1.45459338175295519E-012
       1652, 1.43777797117335828E-012
       1653, 1.34799536887625153E-012
       1654, 1.37010663860255500E-012
       1655, 1.48292506797553014E-012
       1656, 1.31596522831219310E-012
       1657, 1.48541200523913094E-012
       1658, 1.49792402679584227E-012
       1659, 1.55227974147487686E-012
       1660, 1.41488540798832734E-012
       1661, 1.48768920290913044E-012
       1662, 1.50476732916054736E-012
       1663, 1.47788579987570973E-012
       1664, 1.39209450022172454E-012
       1665, 1.44418116214928761E-012
       1666, 1.38749343918301643E-012
       1667, 1.48416536382048851E-012
       1668, 1.63768330374822862E-012
       1669, 1.45327216149207554E-012
       1670, 1.59298511759495402E-012
       1671, 1.47764578702212877E-012
       1672, 1.37738101004342980E-012
       1673, 1.45332268442187318E-012
       1674, 1.50112613179127447E-012
       1675, 1.48128391704044099E-012
       1676, 1.39264449902768734E-012
       1677, 1.44093076861122292E-012
       1678, 1.43370252308015771E-012
       1679, 1.48827885158677590E-012
       1680, 1.45299802651312502E-012
       1681, 1.49808823724356081E-012
       1682, 1.44732022199586466E-012
       1683, 1.45804541823500233E-012
       1684, 1.53723175041725456E-012
       1685, 1.48432675789718978E-012
       1686, 1.42365888351189709E-012
       1687, 1.49067398437145189E-012
       1688, 1.38755978468822779E-012
       1689, 1.55290851023085440E-012
       1690, 1.39927162328938735E-012
       1691, 1.53382901677258595E-012
       1692, 1.54186375243897112E-012
       1693, 1.39530457070455159E-012
       1694, 1.61097331566713991E-012
       1695, 1.53273037566890930E-012
       1696, 1.63508553688862255E-012
       1697, 1.53932606162826333E-012
       1698, 1.50949671245724783E-012
       1699, 1.58346136226151529E-012
       1700, 1.40001010067195507E-012
       1701, 1.59275666480269115E-012
       1702, 1.47936808145590203E-012
       1703, 1.57329000438545438E-012
       1704, 1.52612822377721083E-012
       1705, 1.53185042534556119E-012
       1706, 1.44625637549803388E-012
       1707, 1.53991669352187897E-012
       1708, 1.55448525088139271E-012
       1709, 1.56062618685652013E-012
       1710, 1.47885847794398947E-012
       1711, 1.53916837062326183E-012
       1712, 1.65847819536905013E-012
       1713, 1.49445006131604746E-012
       1714, 1.42044068706936984E-012
       1715, 1.47773123568640218E-012
       1716, 1.44943447115315776E-012
       1717, 1.44251400276428389E-012
       1718, 1.46125270394500973E-012
       1719, 1.59548446003131130E-012
       1720, 1.58051846670904083E-012
       1721, 1.57763224719010936E-012
       1722, 1.62813627533167584E-012
       1723, 1.47465141541123833E-012
       1724, 1.52887536415365177E-012
       1725, 1.42009101927554084E-012
       1726, 1.53231029765530923E-012
       1727, 1.49274224214665159E-012
       1728, 1.59345119588987335E-012
       1729, 1.56687190543628496E-012
       1730, 1.58459406212582269E-012
       1731, 1.52101942867340185E-012
       1732, 1.55639342259981706E-012
       1733, 1.51782284365446601E-012
       1734, 1.50400741626329605E-012
       1735, 1.71235468516736476E-012
       1736, 1.74532519882686953E-012
       1737, 1.62072477544464685E-012
       1738, 1.62167324080177174E-012
       1739, 1.67572496051563843E-012
       1740, 1.55746164692562215E-012
       1741, 1.49009044054944820E-012
       1742, 1.58127230516414905E-012
       1743, 1.52153927017746027E-012
       1744, 1.63325520594873087E-012
       1745, 1.76132158084012788E-012
       1746, 1.64145279110054356E-012
       1747, 1.52208749862890371E-012
       1748, 1.56427203072486059E-012
       1749, 1.57265849863582612E-012
       1750, 1.59147253437767019E-012
       1751, 1.72479334823860641E-012
       1752, 1.63603725461308226E-012
       1753, 1.77612082113104381E-012
       1754, 1.60525141346720684E-012
       1755, 1.63101145546193433E-012
       1756, 1.75589472868048945E-012
       1757, 1.63753717359993976E-012
       1758, 1.56097053539668657E-012
       1759, 1.68919576020421301E-012
       1760, 1.56505146231940777E-012
       1761, 1.74753464771667494E-012
       1762, 1.51517105363114709E-012
       1763, 1.58117760468287620E-012
       1764, 1.65470338178549841E-012
       1765, 1.76052215002331079E-012
       1766, 1.71115962023586168E-012
       1767, 1.73231352360807872E-012
       1768, 1.71093804300753094E-012
       1769, 1.75145375139324046E-012
       1770, 1.72227199200202401E-012
       1771, 1.74521238553940803E-012
       1772, 1.82316033876621427E-012
       1773, 1.75755572727142866E-012
       1774, 1.73780011201976470E-012
       1775, 1.81575123619982931E-012
       1776, 1.63537519064774181E-012
       1777, 1.67408444228172312E-012
       1778, 1.73098709228219508E-012
       1779, 1.77810349330644365E-012
       1780, 1.60161930447642359E-012
       1781, 1.75517197505764719E-012
       1782, 1.70844464452550120E-012
       1783, 1.78755926737920248E-012
       1784, 1.62431892392275586E-012
       1785, 1.69465598053838100E-012
       1786, 1.65391100670907609E-012
       1787, 1.79396430030444146E-012
       1788, 1.71896528578309980E-012
       1789, 1.65357237718730520E-012
       1790, 1.93826234749019266E-012
       1791, 1.84829119043176788E-012
       1792, 1.68815343766247757E-012
       1793, 1.81176761341375538E-012
       1794, 1.82031057743184948E-012
       1795, 1.79720376425837697E-012
       1796, 1.66842991006890764E-012
       1797, 1.95335623047036260E-012
       1798, 1.92774628147885863E-012
       1799, 1.74354613197036947E-012
       1800, 2.05534198449471424E-012
       1801, 2.00208623163184851E-012
       1802, 1.96388801005008297E-012
       1803, 1.72066207441523081E-012
       1804, 1.80616100278144714E-012
       1805, 1.73243013415252870E-012
       1806, 1.88105520087409698E-012
       1807, 2.05714274264052949E-012
       1808, 1.76534081641017958E-012
       1809, 1.73192853197392039E-012
       1810, 1.88844862793330777E-012
       1811, 1.84965273746079481E-012
       1812, 1.79639197939948561E-012
       1813, 1.97781414326037229E-012
       1814, 1.82261693283945320E-012
       1815, 1.87291445313103865E-012
       1816, 1.74901331964023146E-012
       1817, 1.97469417472250951E-012
       1818, 1.94869426848768367E-012
       1819, 1.97026375955638679E-012
       1820, 2.06452518742305275E-012
       1821, 1.88478151997655561E-012
       1822, 1.86748149080519127E-012
       1823, 1.83990492715561963E-012
       1824, 1.98213650266087430E-012
       1825, 2.16329955114420609E-012
       1826, 1.85253716956087962E-012
       1827, 1.91125453185568074E-012
       1828, 1.76946983794241363E-012
       1829, 1.95113544248625028E-012
       1830, 1.80626947975722479E-012
       1831, 1.86885609508476956E-012
       1832, 1.83783489990715146E-012
       1833, 2.03519532629171662E-012
       1834, 2.01153074785956681E-012
       1835, 1.86647481034494265E-012
       1836, 1.86590593665513573E-012
       1837, 1.92390671872778199E-012
       1838, 2.02285235520655604E-012
       1839, 2.05477618758202424E-012
       1840, 2.06553204650967541E-012
       1841, 1.97413321051566159E-012
       1842, 2.02671405143856833E-012
       1843, 2.06543468235055703E-012
       1844, 1.77192637920210864E-012
       1845, 1.98262368257581198E-012
       1846, 1.91787755645509304E-012
       1847, 2.05982189707145175E-012
       1848, 2.03418703866721258E-012
       1849, 2.04876312611425432E-012
       1850, 1.91301416922416385E-012
       1851, 2.20101725109395552E-012
       1852, 1.90234407252032667E-012
       1853, 1.97550489875294386E-012
       1854, 2.10318242052790630E-012
       1855, 2.04736245380727898E-012
       1856, 1.88754953742549084E-012
       1857, 1.85097342336890898E-012
       1858, 2.18086608173359666E-012
       1859, 2.06393774291384631E-012
       1860, 2.16262918273801651E-012
       1861, 2.21237495807476571E-012
       1862, 2.16118664366916640E-012
       1863, 2.22315539105073231E-012
       1864, 2.15683772373438158E-012
       1865, 2.19253111860965656E-012
       1866, 2.19906973694542073E-012
       1867, 1.91511273303084884E-012
       1868, 2.04579209939176609E-012
       1869, 2.26462258240965448E-012
       1870, 2.03446205860436683E-012
       1871, 1.93795356371136832E-012
       1872, 1.93899215003442779E-012
       1873, 2.12387811452309895E-012
       1874, 2.11910262133609075E-012
       1875, 2.10364770900398265E-012
       1876, 2.02564089320711400E-012
       1877, 2.10120868642141923E-012
       1878, 2.14355679887281251E-012
       1879, 2.32224624401373953E-012
       1880, 2.11839356109240745E-012
       1881, 2.27489196451569227E-012
       1882, 2.01466612836308183E-012
       1883, 2.06717216988568930E-012
       1884, 2.20630946236313938E-012
       1885, 2.33715045501691529E-012
       1886, 2.06491571188202055E-012
       1887, 2.18642549881879884E-012
       1888, 1.98842693397739006E-012
       1889, 2.38576174058896092E-012
       1890, 2.06130502309811162E-012
       1891, 2.11282403988240920E-012
       1892, 2.18142084044417075E-012
       1893, 2.27551862082636934E-012
       1894, 2.25689591103918315E-012
       1895, 2.25310261249098589E-012
       1896, 2.32716335342060536E-012
       1897, 2.23590701079298094E-012
       1898, 2.13839912454015721E-012
       1899, 2.14052043811483885E-012
       1900, 2.13149080028895371E-012
       1901, 2.18661886203117113E-012
       1902, 1.98277056801112351E-012
       1903, 1.98840087857299857E-012
       1904, 2.13357532913874045E-012
       1905, 1.98198775445511201E-012
       1906, 2.22274070300245063E-012
       1907, 2.05760928729044517E-012
       1908, 2.06486881211322237E-012
       1909, 2.05611219130292799E-012
       1910, 2.27569770223927886E-012
       1911, 2.11969836636947761E-012
       1912, 2.44380280107766543E-012
       1913, 2.23828165096100754E-012
       1914, 2.16299800745137506E-012
       1915, 2.20676273066931834E-012
       1916, 1.97409220613904388E-012
       1917, 2.15926393644263546E-012
       1918, 2.05592491782530800E-012
       1919, 2.28424966621640606E-012
       1920, 2.08131767128158256E-012
       1921, 2.08805968361894300E-012
       1922, 2.13140265979004676E-012
       1923, 2.17641955206718804E-012
       1924, 2.16438400659917624E-012
       1925, 2.14056522269709010E-012
       1926, 2.39861676435652800E-012
       1927, 2.30842544968140732E-012
       1928, 2.35908898361008302E-012
       1929, 2.33554673248128057E-012
       1930, 2.37286500429995554E-012
       1931, 2.25721507124809164E-012
       1932, 2.34724550513429951E-012
       1933, 2.16663194685442514E-012
       1934, 2.54492281352707603E-012
       1935, 2.26131463613259213E-012
       1936, 2.37707770627528464E-012
       1937, 2.49970704091969427E-012
       1938, 2.21617686723205730E-012
       1939, 2.45809524739832621E-012
       1940, 2.34734885816103726E-012
       1941, 2.42177559609705258E-012
       1942, 2.55304815321887163E-012
       1943, 2.46405819925800453E-012
       1944, 2.44436156777531567E-012
       1945, 2.29181014070543654E-012
       1946, 2.36669267527412294E-012
       1947, 2.34339613184487602E-012
       1948, 2.35324953674945843E-012
       1949, 2.21872127573915534E-012
       1950, 2.49558313849339378E-012
       1951, 2.38366479674980170E-012
       1952, 2.37910540990515312E-012
       1953, 2.26593987654596489E-012
       1954, 2.58371261185740062E-012
       1955, 2.55794311653346079E-012
       1956, 2.67849530280492267E-012
       1957, 2.63866026772939154E-012
       1958, 2.59379547992132027E-012
       1959, 2.66773849323014873E-012
       1960, 2.39969906069836612E-012
       1961, 2.66760069253193036E-012
       1962, 2.82007512550309772E-012
       1963, 2.53396195240997552E-012
       1964, 2.55758541520504861E-012
       1965, 2.57489664700456004E-012
       1966, 2.68394117278112178E-012
       1967, 2.68743325058116491E-012
       1968, 2.81820553382055545E-012
       1969, 2.56556680070127277E-012
       1970, 2.55358121890594597E-012
       1971, 2.43067665136682709E-012
       1972, 2.49799368245644398E-012
       1973, 2.50660101189969550E-012
       1974, 2.65213717627058742E-012
       1975, 2.58982702723815039E-012
       1976, 2.66185789806821109E-012
       1977, 2.65115463585348923E-012
       1978, 2.71463722089205129E-012
       1979, 2.61988514277092904E-012
       1980, 2.61348611924283403E-012
       1981, 3.00878709608404387E-012
       1982, 2.81422959581594273E-012
       1983, 2.47356765964064967E-012
       1984, 2.73652945661628969E-012
       1985, 2.91055703911315929E-012
       1986, 2.91522741448245629E-012
       1987, 2.82907550445732586E-012
       1988, 2.99590676575972498E-012
       1989, 2.70995019992208820E-012
       1990, 2.63225351081542672E-012
       1991, 2.71328898971764524E-012
       1992, 2.83708241142924301E-012
       1993, 2.91392008570404046E-012
       1994, 2.69862839182595514E-012
       1995, 2.88347916160039955E-012
       1996, 2.84120724143955287E-012
       1997, 2.65270576224859959E-012
       1998, 2.92165708426103924E-012
       1999, 3.15146424316426021E-012
       2000, 2.87980450435155454E-012
       2001, 2.97165751880327344E-012
       2002, 2.86708355687700590E-012
       2003, 3.05002023687102618E-012
       2004, 2.83877191166042776E-012
       2005, 3.40476499813667528E-012
       2006, 3.06097964807919246E-012
       2007, 3.04865107309868230E-012
       2008, 3.05457222668260457E-012
       2009, 2.92619743395908327E-012
       2010, 2.98015792730170812E-012
       2011, 3.23504383570323296E-012
       2012, 2.91581747459931111E-012
       2013, 3.56071742195728430E-012
       2014, 3.54079027611122028E-012
       2015, 3.01053902325319453E-012
       2016, 3.38474563468364994E-012
       2017, 3.27282074492638170E-012
       2018, 3.28134793331600694E-012
       2019, 3.24278022195410023E-012
       2020, 3.19008299969535014E-012
       2021, 3.46933218704867581E-012
       2022, 3.34268035549637672E-012
       2023, 3.46032739855999545E-012
       2024, 3.77313170646035275E-012
       2025, 3.56312516847231230E-012
       2026, 3.34852227942185113E-012
       2027, 3.44477161016321093E-012
       2028, 3.53093985087301705E-012
       2029, 3.97975805772084455E-012
       2030, 3.56711092211807959E-012
       2031, 3.50348233392082591E-012
       2032, 3.82641296871792691E-012
       2033, 4.02596725966601550E-012
       2034, 4.13179901127587009E-012
       2035, 4.17703154434009755E-012
       2036, 3.82406939605988221E-012
       2037, 3.91504728697650980E-012
       2038, 4.44254505675087246E-012
       2039, 3.92751907585442232E-012
       2040, 4.01393297202518684E-012
       2041, 4.40735812593222855E-012
       2042, 4.05184077298550610E-012
       2043, 4.25984138560500368E-012
       2044, 3.90194442342050141E-012
       2045, 3.76117169600062656E-012
       2046, 4.39685031451731536E-012
       2047, 6.90323921315899186E-012
       2048, 5.50697549675641828E-012
      -2047, 6.90323921315899186E-012
