         0, 2147483647,  1013, 8.48040993874676264E+304
         1,      32640,  1012, 6.33405521250320015E+304
         2,      32640,  1012, 6.33405521250320015E+304
         3,      32640,  1012, 6.33405521250320015E+304
         4,      32640,  1012, 6.33405521250320015E+304
         5,      32640,  1012, 6.33405521250320015E+304
         6,      32640,  1012, 6.33405521250320015E+304
         7,      32640,  1012, 6.33405521250320015E+304
         8,      30559,  1012, 6.33405521250320015E+304
         9,       6026,  1012, 6.33405521250320015E+304
        10,        794,  1012, 6.33405521250320015E+304
        11,          1,  1012, 6.33405521250320015E+304
        12,          0,  1012, 6.33405521250320015E+304
"j", "||(G*V)j - (U*Σ)j||_F / Σj"
          1, 4.44497776993762586E-014
          2, 4.16790386888768703E-014
          3, 5.50421514790195869E-014
          4, 3.80384039583989325E-014
          5, 4.70779066673747210E-014
          6, 3.92651456065136397E-014
          7, 5.16766343666584157E-014
          8, 3.72124270481170932E-014
          9, 4.70328991453602795E-014
         10, 5.39374360769005744E-014
         11, 4.94587554711428227E-014
         12, 4.54002111052912159E-014
         13, 4.95043069184458160E-014
         14, 4.21792500917481323E-014
         15, 4.61982513577595725E-014
         16, 4.57953069728951152E-014
         17, 5.10796229603910101E-014
         18, 4.62454037052948811E-014
         19, 4.60748582801828538E-014
         20, 4.73444512330508519E-014
         21, 4.38652126609605555E-014
         22, 4.75791304698525694E-014
         23, 5.22279459142896056E-014
         24, 4.62058431745890643E-014
         25, 5.08514937869432176E-014
         26, 5.20367120895075823E-014
         27, 5.71631378043842012E-014
         28, 5.63500290213574834E-014
         29, 5.18322440336931186E-014
         30, 5.38038980041186559E-014
         31, 5.18905270196972132E-014
         32, 5.37014113029121550E-014
         33, 6.83582133993698941E-014
         34, 5.44375791177505662E-014
         35, 5.34185111931755999E-014
         36, 5.13575482195073576E-014
         37, 4.90315862949904701E-014
         38, 4.97508942673686071E-014
         39, 4.92070979646283712E-014
         40, 6.37969800494536440E-014
         41, 5.24706312397782695E-014
         42, 5.85679685963339579E-014
         43, 6.28807564208946997E-014
         44, 5.09787577059903262E-014
         45, 5.59625157415471523E-014
         46, 6.09426776443745880E-014
         47, 5.39589181299654750E-014
         48, 6.81791407609405648E-014
         49, 5.08837356607414026E-014
         50, 6.30816145841531987E-014
         51, 6.06262184319892709E-014
         52, 5.14676379071093027E-014
         53, 6.81949766154891555E-014
         54, 6.81268681074490318E-014
         55, 5.96920072536089431E-014
         56, 8.27349428783893713E-014
         57, 5.66480595213139577E-014
         58, 6.42592566429784645E-014
         59, 6.20518389216370457E-014
         60, 6.14841829899470388E-014
         61, 5.48888967024130561E-014
         62, 6.64985154237232591E-014
         63, 7.13941842740090338E-014
         64, 6.79652903354075409E-014
         65, 8.18674350262633097E-014
         66, 6.86258106046287805E-014
         67, 6.16578882706185956E-014
         68, 5.79502563680406822E-014
         69, 7.20990386764705665E-014
         70, 6.58101070985604067E-014
         71, 8.66114089985550482E-014
         72, 7.33025653334204420E-014
         73, 6.53376932802958555E-014
         74, 6.70121631169346239E-014
         75, 8.37347811488150418E-014
         76, 8.06240755849726664E-014
         77, 7.11580393941374912E-014
         78, 8.60081367918337233E-014
         79, 7.76554000285373292E-014
         80, 8.93760840858698492E-014
         81, 7.07602146125667172E-014
         82, 7.33855329941722678E-014
         83, 6.76208143546325825E-014
         84, 7.05812419113823741E-014
         85, 8.90571690936451350E-014
         86, 7.23565897717779227E-014
         87, 9.12362241603255622E-014
         88, 7.38118773799688017E-014
         89, 8.84145158375723973E-014
         90, 7.25342413301133179E-014
         91, 7.53855420896827082E-014
         92, 7.72927250897674104E-014
         93, 8.01486594878596164E-014
         94, 1.11361022118339407E-013
         95, 8.81988609220620215E-014
         96, 8.90220436826049767E-014
         97, 1.13283288641778748E-013
         98, 8.59010602434322805E-014
         99, 8.70388765338627547E-014
        100, 1.03149694409418178E-013
        101, 9.51564532680325538E-014
        102, 8.05374485761904253E-014
        103, 8.77666356457639552E-014
        104, 9.92559610839035231E-014
        105, 1.05640615182213289E-013
        106, 1.08076286396736418E-013
        107, 1.21387468715233225E-013
        108, 1.00334838704827870E-013
        109, 1.12985563080494992E-013
        110, 1.20166025498585875E-013
        111, 1.12399767723643392E-013
        112, 1.38596180637009564E-013
        113, 1.36254120867908520E-013
        114, 1.19637763198816514E-013
        115, 1.28652514432568635E-013
        116, 1.16688946202471116E-013
        117, 1.38556329643938110E-013
        118, 1.31697961159872082E-013
        119, 1.36405877217198197E-013
        120, 1.34418347090213904E-013
        121, 1.40908155840829282E-013
        122, 1.80460252359026956E-013
        123, 1.53141157581289820E-013
        124, 1.73569162119183250E-013
        125, 1.41000656813657152E-013
        126, 1.75646312205468273E-013
        127, 1.91496951557477644E-013
        128, 1.61874565379295204E-013
        129, 5.20335545217634804E-014
        130, 4.05721807389144260E-014
        131, 4.83439715086841471E-014
        132, 4.02994972157942432E-014
        133, 4.23707252217771512E-014
        134, 5.05451156439380303E-014
        135, 4.48634090537094015E-014
        136, 4.39977536841078662E-014
        137, 5.27966721723626551E-014
        138, 5.34903592460927698E-014
        139, 4.45408917229013759E-014
        140, 5.00497601056764799E-014
        141, 4.86026386249832761E-014
        142, 4.89210072569857371E-014
        143, 4.01926001866415895E-014
        144, 5.29978414810312229E-014
        145, 4.45975878696389740E-014
        146, 4.22015343739764199E-014
        147, 5.53318359078009920E-014
        148, 4.76097832190150501E-014
        149, 4.68552705550307834E-014
        150, 4.40639987188255912E-014
        151, 4.75934680323519330E-014
        152, 4.33203579371764528E-014
        153, 4.53417577027415770E-014
        154, 5.34966950086370498E-014
        155, 4.67319788530680334E-014
        156, 5.00458493424810857E-014
        157, 5.88169107668139562E-014
        158, 5.20484773970308657E-014
        159, 4.94699824842680463E-014
        160, 4.81468914786687813E-014
        161, 4.66733679372342988E-014
        162, 5.00705516013022547E-014
        163, 6.58985085366535722E-014
        164, 5.90380972885225964E-014
        165, 5.95182689669425353E-014
        166, 5.89654656802632737E-014
        167, 5.13310312825259685E-014
        168, 6.38003845441713580E-014
        169, 5.75831880746355813E-014
        170, 7.37560022768198175E-014
        171, 5.41503954149241310E-014
        172, 5.84959839426762994E-014
        173, 5.49126394470071873E-014
        174, 5.24859064547653028E-014
        175, 6.30371418584520994E-014
        176, 5.79885938195262464E-014
        177, 5.92041147692377508E-014
        178, 6.31139233796492338E-014
        179, 5.49596873274175135E-014
        180, 5.60672417958050641E-014
        181, 6.56338839078879574E-014
        182, 6.03111682267017380E-014
        183, 6.26131398949344185E-014
        184, 6.74298810228368532E-014
        185, 5.48982835489365773E-014
        186, 6.74899488030849205E-014
        187, 5.15150508385778406E-014
        188, 6.47879686572443548E-014
        189, 6.81299478981596402E-014
        190, 6.81020427982908536E-014
        191, 8.87481055768672669E-014
        192, 5.97517972321703560E-014
        193, 6.92186441595449963E-014
        194, 6.75265315651516436E-014
        195, 6.31740891797030313E-014
        196, 7.58079288927601736E-014
        197, 6.46453933983243810E-014
        198, 7.02139401494297013E-014
        199, 6.92736903265133367E-014
        200, 7.96483234432879524E-014
        201, 7.08871434468372891E-014
        202, 8.26036143439888456E-014
        203, 6.86610077649182159E-014
        204, 7.80944760802550486E-014
        205, 7.03900930376467452E-014
        206, 7.45284043698056695E-014
        207, 7.89331027110357201E-014
        208, 7.51827277848695303E-014
        209, 8.44389424793570268E-014
        210, 6.33142545073007859E-014
        211, 6.92617738092180880E-014
        212, 8.02867798389781319E-014
        213, 8.59052955418009961E-014
        214, 8.09310240105888301E-014
        215, 8.36600718513054811E-014
        216, 6.58436492269182686E-014
        217, 7.84161813075239012E-014
        218, 8.79818160835313033E-014
        219, 7.23939836522957197E-014
        220, 7.03303209013130345E-014
        221, 8.17876504432347695E-014
        222, 9.48926141205452634E-014
        223, 8.06527808450926589E-014
        224, 8.96167929049363579E-014
        225, 1.02044106265350385E-013
        226, 9.96364701872939784E-014
        227, 1.00156582754284749E-013
        228, 8.94378119278193894E-014
        229, 8.29115408692469397E-014
        230, 8.42279804440761535E-014
        231, 1.04250809920005039E-013
        232, 1.09680558529463377E-013
        233, 9.21372438036241374E-014
        234, 8.77416515778631299E-014
        235, 9.68469902498265795E-014
        236, 1.21452401861701235E-013
        237, 1.17491333060801454E-013
        238, 1.21883919114459895E-013
        239, 1.15316716736063182E-013
        240, 1.22819649729598576E-013
        241, 1.40195419391976599E-013
        242, 1.35895984631276155E-013
        243, 1.24402530027148040E-013
        244, 9.83780953861475411E-014
        245, 1.24088293676257918E-013
        246, 1.24567648185350418E-013
        247, 1.23426837191985210E-013
        248, 1.43197860676583903E-013
        249, 1.31760906181073907E-013
        250, 1.49600336967547699E-013
        251, 1.83084399618743680E-013
        252, 1.86773160067919922E-013
        253, 1.90183709317850220E-013
        254, 1.63613701258773822E-013
        255, 2.18632319141227727E-013
        256, 2.35672095090916108E-013
       -256, 2.35672095090916108E-013
