         0, 2147483647,  1019, 5.02109427399368563E+306
         1,          6,  1019, 5.02109427399368563E+306
         2,          6,  1019, 5.02109427399368563E+306
         3,          6,  1019, 5.02109427399368563E+306
         4,          1,  1019, 5.02109427399368563E+306
         5,          0,  1019, 5.02109427399368563E+306
"j", "||(G*V)j - (U*Σ)j||_F / Σj"
          1, 4.03154362824737064E-016
          2, 3.23555585248687101E-016
          3, 8.68852507860432076E-016
          4, 2.01333031123468566E-016
         -3, 8.68852507860432076E-016
