         0, 2147483647,  1019, 5.02109427399368563E+306
         1,          6,  1019, 4.33286505773353592E-001
         2,          6,  1019, 1.14878762444410622E-002
         3,          6,  1019, 1.20051124216516708E-006
         4,          1,  1019, 0.00000000000000000E+000
         5,          0,  1019, 0.00000000000000000E+000
"j", "||(G*V)j - (U*Σ)j||_F / Σj"
          1, 1.43456702721855686E-016
          2, 4.54546614633913594E-016
          3, 4.76899576153753838E-016
          4, 3.15771537868732540E-016
         -3, 4.76899576153753838E-016
          0, 2.85887349467786738E-016
