         0, 2147483647,  1018, 2.05427344491921388E+306
         1,         28,  1018, 2.15122986783055054E+306
         2,         28,  1018, 2.15122986783055054E+306
         3,         28,  1018, 2.15122986783055054E+306
         4,         28,  1018, 2.15122986783055054E+306
         5,         10,  1018, 2.15122986783055054E+306
         6,          0,  1018, 2.15122986783055054E+306
"j", "||(G*V)j - (U*Σ)j||_F / Σj"
          1, 5.83437371150674573E-016
          2, 5.75456272832282085E-016
          3, 1.04389982533907341E-015
          4, 1.18636201861126209E-015
          5, 6.00231098797950903E-016
          6, 3.38534424655142989E-016
          7, 1.42811338014076496E-015
          8, 9.31366258895019918E-016
         -7, 1.42811338014076496E-015
