# seeds for ifx (2025.0.4)
  1007708214         495
   966944822         495
   958883894         495
   960718902         495
   962357302         495
   964716598         495
   963340342         495
   958556214         495
   970090550         495
   950691894         495
   961505334         495
   961374262         495
   954886198         495
   965961782         495
   964782134         495
   969369654         495
   964061238         495
   980183094         495
   968583222         495
   962357302         495
   972318774         495
   958294070         495
   967993398         495
   967534646         495
   959604790         495
   958162998         495
   961308726         495
   966879286         495
   974088246         495
   953444406         495
   967010358         495
