# seeds for GNU Fortran
 -1394004363  1318603694  -366636022  -872245108  -286512749 -1697478620  1556820297 -1544643961
  -563083948  1593080018  -402574168  1880078412 -1240942426   665960874  1464328418  -829171762
  -758555462    39785830  1240112440 -1933870843   476926727  -869047483 -1896093928  -675180620
  -476675049   544034171  -217731276   886217084 -1181950851  -383797485  1155107367   585465696
  2138592145  -677973200   910656127   677204946   808066159 -1569581721   918170592 -1772551658
  -337565703   282385153  -897624939    31037507 -1168131943   364712644  -901561435  1003574640
   411130887  1162197722  1663925856 -1654106840   947239443   325393803  -699032108  2130380956
  -340828554  -557799394 -1466478236 -1868777936 -1169877392  -714792671  -489242829  1167937056
 -2107075591  1631858184   265850888   709731309 -1368527095 -1503293995  -788050320  -887019591
 -1247713809 -1237341764   333266850 -1636258582   958888602  -383839898  1297628533   800635273
  1806506082  1595674161  -752914797  1218549673 -1756136497 -1813518722 -2049073707 -1088836037
 -2025933289   630227565   229415072  -896748834  1453334907  1607547508  -535192364 -1610096746
   902088291  1876221453 -1278851436  2078313098  -427976008  -947961802 -1523716164   772979360
  -250529487  1702012261  -835906174  1788531260  1443040113 -1801536600 -2145552927 -1959968118
  -966469189  -734956123  -457931094    80644706  1519650488 -1045687044     2125937   398602916
 -1539788639 -1259231067 -1583141428  1177124807 -1147722829 -1933199884  1544481984  -804964901
 -2126267320  1072375159  1959010706    92367794 -1250398258   813910144  1309983557  1252677137
  1052975818  -685140535  1522658304   623134435  1399366308  -885032661   539858823   523025235
  2133784689 -1449739799  1311721625   -33871803   432865559   373573352  1360105127  1051455428
 -1681317700   927621602   223217273   421610490  1140181831 -2088530874  1879291892   902102403
 -1252629972  -825277222   264792980  -644164608 -1782471680 -1392513748  -698519635  1569452222
   326990699  1931302681   885636445   740832624  1892019571  2138890039  2109768662   237214568
  1452345641  -851624786  1236415891   883559567   720667082 -1122442754  1314662555  -693455567
 -1470209456  1790213665 -1459056005   993967998  1538346732  1880700131  1571747565  1063642991
  1299199944   972129056 -1911811854 -1312884275  1836742513   -17854874 -2073501176   697863612
 -1296248169   654188992  1615689424  1769605053  2108768778 -1427450525   190714988  -441209274
  1258156624 -2032661952  -838575425    87400173  1138656195 -1253125427 -2133989101  1535883338
 -1559514284  -398196945  -981589098  1624319969  -612754186  -874001985   555399708  -350328327
   657727894  -295870628 -1785456797   543577727    30264772  -203987597 -1229076487 -1186542929
  -641126133  -750738006  -542999215  -640406003 -1127617875  1878751981   401797923  2045971815
  1764270238    79720667 -1901326847   -13906632  1710893357 -1732614402  -534298333   -27929144
