# seeds for gfortran (14.2.1)
  -747934352  2119373312   -85344082   868141278 -1382978289  1278761759    43512334  1678864693
  1494301721 -2126872189   197410843 -1599498925  1122492562  -768828602  1077827657  1882606016
 -1387174316    54032252 -1523470967   791288082   151737174   792446550  -729372194  2053172585
   -68445138   540558694 -1713052683    -5532454  -635691132  -231311613  1516604371  1569890832
  1936412271  -445892828  -240519804 -2101376823  -550184479  -769994212  1695440416   369546896
  -984731509 -1637056207  -465940287  1775165070 -1542248084 -1554720112  1382569885  1291667207
    33060870  1915827093  1468227680  -748704073   612813457 -1732987480  -328710739  1121726792
  -774934003  -133399167 -2112866247   667441762  1621330865  1113295026 -1998897061   436860499
 -1641070364  -920169902    -7197567 -1439028901  -203716103  -435478549 -1587151753    28905089
  -264085573  -358627974   662532811  1447280243   746625429  1239896730  1661887033  1800268446
   921753787   348068159   369922966   670446579   239893516   -48447643  1862838491    81215344
  1101723163 -1490623438 -1909019914   969436837 -1594253988   339659781  -893025444   214513971
  -152258854  -818030063   119523306   728554997   312942923 -1852198144   306260334  -383393985
   770710793   645556136 -1832498800 -1887828994  -232122809  -314886181  -599249455   786011606
  1390288381  1668236224  -720948256  -710583524 -1223196519  -273945382  -499212469   679207808
  1129797457  1443211758 -1587739042 -1989632814 -1173227039  -506049105 -1221620847  1863438984
  1096082952  -670332039 -1878594020 -1055794689   589616502  1093977566  -743978333  -420393510
 -2140442425  -963104335 -1976786538  1499223261 -1868190613   165811140  -396456986  1764959047
 -1347209369  -454043939 -1528324829   493978706  1678087196 -1947541988 -2029815164 -1585566755
  -274129093  -499781446  -875388226 -1430265933  -851830450 -1511204652  1962041734  1867353773
 -1038071488  -438302817  1683998912  -762942708  -249562409  -394375876  1786453697 -1540509463
 -1446518056 -1145780811    87027878  -492602161  -283654947   835221928   393810810  -704723375
   936623611  1386334146 -1237635155   606102320   363817065 -1261642427 -2086193541 -1996502264
  1036446189  -508113240  -194588145 -1864699567  -978238785   579610454 -1712013682  2063465638
  -598487799  -356538703 -1225050831 -1739458006  1626799375  1747001637  1921925965 -1762553989
  -123258650  1373396699 -2083901252 -1235982723   505129584 -1816534662  -226929304  -220919276
  1636216208  1855314081   259209925   469108275  2035674853  1718550395 -1729553544   254405676
 -1208756770  1476034409  1458080737   821893930 -1291327709 -1313467583  1986721311   211330675
  1155626017 -1302655801   782828501 -1914583472 -1949016043  1911379564  -669270968   446688789
  2124731157  2105969371   911837254  -822927709   372525789  -630952166 -1588073559 -1561326950
 -1152716672    81138341  -742584824  1110151646  -784549942  2076103948 -1887387651    72533666
