   483878877  1299611339
   447834077   722894539
   443967453   661028555
   441149405   615939787
   445933533   692485835
   431646685   463896267
   444622813   671514315
   438003677   565608139
   438003677   565608139
   441280477   618036939
   436692957   544636619
   473458653  1132887755
   431319005   458653387
   440821725   610696907
   444753885   673611467
   434464733   508985035
   435054557   518422219
   434202589   504790731
   445605853   687242955
   451307485   778469067
   456550365   862355147
   450783197   770080459
   449341405   747011787
   440494045   605454027
   444491741   669417163
   447244253   713457355
   442329053   634814155
   442460125   636911307
   460679133   928415435
   454911965   836140747
   440035293   598113995
