# seeds for djv2t.csv (ifx 2025.0.4)
  1607428058  2096529055
  1568303066  1470529183
  1566074842  1434877599
  1558669274  1316388511
  1558603738  1315339935
  1569155034  1484160671
  1554409434  1248231071
  1595893722  1911979679
  1556506586  1281785503
  1558144986  1307999903
  1560242138  1341554335
  1568040922  1466334879
  1564960730  1417051807
  1564698586  1412857503
  1590781914  1830190751
  1552836570  1223065247
  1549494234  1169587871
  1547397082  1136033439
  1552508890  1217822367
  1541957594  1049001631
  1555589082  1267105439
  1549690842  1172733599
  1558210522  1309048479
  1575380954  1583775391
  1558996954  1321631391
  1554802650  1254522527
  1551787994  1206288031
  1558079450  1306951327
  1561487322  1361477279
  1564960730  1417051807
  1565026266  1418100383
