# seeds for gfortran (14.2.1)
  1139588531  1276494748  1424423035  -757675949  1659475216    32278937  -391309877  -871840337
 -1749359980  2135533789 -1213122990   799990383 -1808886960 -2100867519 -1126175948   931597385
   959929623    76655981  1390049871   346968704  1730001926 -1589365448   428063839  -881361105
  1964621985 -1285681572  1053716757  -954251502 -1708272462  -266460098  1127284655 -1054901116
   203614427  -414817336  1947047482   474317432  1521425027  1325038009 -1324865798  2001812361
 -2106296030  1569638023  -304508161  -298058393  -534893788   785603344  2035785007  -838333743
  1013576167 -1701564957  -782112963  -527699708  -389474351  1892940838 -1712384898  1484210262
   379475381  1953643131   337275611  1889082090  1003945660 -1977907607  1316698227  2035117346
  1839869871   449375985    70961858  1426699258   944206319 -1268459422  -673725734   721462791
  1217967072 -1854394507 -1012377967  1822049751  1098327125  1838062270  -910487521  1031365765
 -1179695450  -955410354  1076340750  1335775803 -1505457602 -1981193917   208881057   740598750
  -368544200  1142328243  -675655657  1314356287 -1307351540  2134033859  -260492866  1314131213
  -918973048  1481352529 -1290915420  -511823987   178010217   464571262 -1659397172 -1837965091
 -1188903619 -2009526006  -700010584   941057773 -1650402751 -2031767161   237038972  -373753389
    12792116 -1389107298   936317286  -877537781   700353906 -1297640470  -942003138   379389417
 -1217374992 -1437924078  1702196339  1222146413  1046007504   786782793  -303300902   391696505
  -586410983  -703596537 -1982445293   -45778150 -1005011288 -1850810687  1720074865   267851070
 -1058865692  1545169041 -1054583807   213173898  2061506744  -102916108   612286631  1214357747
  1306073650  -528078504 -1893091570  1281284784 -1027967685 -1954587728  1220989770   930791302
  1488663635 -1573316034  2134663729  -782000858   258183003   962406279   192004517  1419578066
  2007884771  1447325187   815438326 -1438310943  -414790465   501998538   705156752  1579179453
    -8492491 -1257230792  -936044139 -1288950570  1449226606  1351818323 -2109540772 -1818169800
   568590213  -431263149 -1516025744  1901612985   962706899  -838944277  -122349170 -1195125467
   519746740  2108688814  -944373789  -599350271 -1126162909   361198503  1037510687 -1131385426
   222121665  -770370550  -338219965 -1907702254 -1412825206   580788836 -1231484326   414223957
  1097653632  1925631806  1132414143  2119103413   963129300   965927377   472286061 -1875574120
  -325005356  1204034552 -1009335900  1714042060  -919459939 -2040080504  -714915872    -6866846
   687878509 -2013807219   958362741  1672868366   873112872  2090717167  -262453814  -291817541
   314815230   234141603 -2001257306 -1638913018  -322138869 -1422038684 -1146008477  -804803498
   925298038  1305062040  -565540115   320129351  2130801795  -820287089 -1024937499  1107335599
   718840255  -736608318   934565225  1310172022  -508041181 -1476591781  1261809470  2130682900
