# seeds for ifx (2025.1.0)
    36595685   585530960
    32860133   525762128
    26568677   425098832
    20735973   331775568
    21391333   342261328
    45311973   724991568
    18769893   300318288
    24209381   387350096
    20473829   327581264
    24602597   393641552
    27158501   434536016
    25651173   410418768
    27092965   433487440
    27617253   441876048
    29714405   475430480
    27486181   439778896
    36464613   583433808
    23095269   369524304
    28665829   458653264
    19032037   304512592
    26699749   427195984
    31877093   510033488
    23554021   376864336
    49637349   794197584
    36595685   585530960
    60057573   960921168
    44001253   704020048
    47933413   766934608
    42821605   685145680
    42559461   680951376
    98854885  1581678160
    61368293   981892688
    58812389   940998224
    44394469   710311504
    41445349   663125584
    47802341   764837456
    47998949   767983184
    57370597   917929552
    30304229   484867664
    60844005   973504080
    31090661   497450576
    34236389   547782224
    33515493   536247888
    40134629   642154064
    31680485   506887760
    38889445   622231120
    36857829   589725264
    35350501   565608016
    32925669   526810704
    29517797   472284752
    26240997   419855952
    25978853   415661648
    38758373   620133968
