# seeds for ifx (2025.0.4)
   843147318         495
   825911350         495
   842950710         495
   843409462         495
   827549750         495
   845375542         495
   774727734         494
   834431030         495
   806447158         495
   856516662         495
   830236726         495
   772958262         494
   834627638         495
   814770230         495
   844064822         495
   842229814         495
   784099382         494
   781740086         494
   782133302         494
   779315254         494
   791242806         494
   736323638         494
   802580534         494
   799303734         494
   813066294         495
   732719158         494
   711747638         494
   712009782         494
   634021942         494
   657877046         494
   621701174         494
