# seeds for gfortran (14.2.1)
    98455683 -1257842072  -805853219 -2142094474  1982883505  -351557454  -617986786 -1614445049
  1955373722   380213496   175653292  1241331586 -2050483636 -1335314366  -780577341 -1141168109
  1932979487   809016477   160705142 -1038707840  1515996433 -1956676009 -1902346349   460731050
    40212107    36141243  -648439581 -1752202372  -497457402  1201001461 -1570377614 -2038416157
  -724390376  -372489788 -1212484898  -386350701   124328593  -184060412 -1161755574  -713262239
  -866837567  -152916377   521829771  1455326678  1818970533   277194844  1134610446   889863323
   717909455  1460026732  -313247948 -1981946387 -1338919239 -1722004674  -393395971  1547633759
   728162809  -605666265  1229240327 -1128356158  1874966843 -1064024086    46763585  -341755906
  -114393834  1782891288  1546128054  -656637590  2053844986 -1032729045  1294772242  1885824798
  1241437200 -1225488772  1497936738   376602769  -238740289   502204979 -1540725308   448697427
   862589981  2123255875  -951903148  1828098892   853198686    -2841716  -133956016  -448064723
 -1313163185  -469314148  1043210016   526417033 -1293116172  1749907655  1044394222  1976705072
  1483637827   -36310983  2003256810   457241279  1465174726 -1536746353  1792116091   436633970
  2121540099    51036028 -1748590871 -1729127213  -381484867 -1075283610 -1997205637   854263913
  1856807656  -971287351   134266147  1593766077   122668550 -1515451959 -1476261458   532071255
 -1306484842  -150078299  1915315118   797994845  -473510546  -272241738  -797966651   357223530
  -642867553   951305801   -79097328 -2140208596  -393372157 -1448873407  1131698714   601745034
 -1239315523 -1170722000 -1728566797  -156914861   615769280 -1372484582  1764015516  1288766075
  1781749724   956767277  1602945349   208130974   719437174   394100126   511424799  -762737927
  -580107188  1146471023 -1357663004   259758531  1608394065 -1057189748  1631181506   360334714
 -1617713141  1369634424  -339601376  1176679002  1790810812   949682381  -846027636 -1709793752
   686700671  1664598933   664512400  -164964362 -1824590858  1903934138  -254635456   432108579
  1979973678 -1395663358 -1956354181  1119812889  -807115510  1084978259  -158953604 -1876616194
  -387834200 -1372063190  -330707819   718338332  1987993818   636930272 -1419686082  2088461684
   561766899  1607605283 -1666453775 -1587783775    83046366 -1104468545 -1943260687   106739870
   829330475 -1456979938  1781390032 -1057428286   515030710 -1476652805  1883796961  1553264858
   197912454 -1608589386   -77660943    61535908 -1083379031  1591100059  2071175177  -214190991
  1791212509  2143756754  1136164281 -1107847837  1694782599  1382064246  1625088730  -705263416
  -179558831  -595734433    14996701  -983815054  -875294279  -749260397   683808300 -1528003378
 -2037444712   561801662   391818082   530894081   928615530  -767572571  1986323704   514460579
  1989168789   529267299   585415647   801076514 -1837783672   835902436  -834484164 -1367348050
