# seeds for GNU Fortran
 -2029205733 -1980121954   295986050   152844435 -1489756395 -1254156236  1775861596  1596983891
  1730546223   742735210 -2019781832  1177957986   302981486   487492192   181349681   922456025
   -90711694 -1827372940   712065928  1999803497   699042744  2012786016 -1846225852 -1831513125
  -730795271  1748640776 -2120191319  1491852397   289146830  1327235426 -1115931689  -596651544
  1018555027  1708713673  1834508829  -950447869 -1522798781 -1296127788   -20059431  1789125743
  1448139657 -1485709109 -1141775754  -497133836 -1130871622  -245799881 -1622630517   602694934
  -572361812 -1136683733   568925428 -1365785314 -1331186067  -521045694 -2081256714  -541363524
  2116710781   -77005749  -317761122 -1887827714  -801301061   734023406  1992005538  2027605383
   356813201  -136242062  1788751063 -1432445990 -1330376945  -157517992  1841512608  -831528380
 -1238976744  -582772087  1173006162 -1145934272  2052392279  1667463876  -274444685   171758384
  1726518322  1994185689  -962952346   963160999  -878343476  1595714763  1828702947  1000493054
  1814408169   626098237   -64514326  -969015746  1349319124  2069223299 -1520571170  -517174809
  1294710205    25089515   778398531  1959224854    97647003 -1196053233   479354148  -287917964
   -31992963  2038521672  1346622974  -500283227  1488807171  1473871123   492361803 -1040849662
   414808332  -824407215  -848791840 -1276835221  1412962822   447640669  -378775346   275365032
   351837307   -12463125  -362665610 -1933023984 -1023138664  -395230186  -251826336 -1621328281
  -175494439  1068232936  -205729530  -933388183  2061331574    -5601105 -1854510527 -1884085450
  1408288436 -1186023759    32290889  -972447926   345809829   961151960  -489837003   982732825
  -194006691  1043794240 -1359371050  2146110284  1372411521  -114369850 -1783639240 -1762636457
  1697703275 -1189871138    39177897 -1287480953 -1411161521   616971729 -1869409387  2039807817
 -1861202614  1215663379 -1259891508  1311077663  1822934504 -1246551734  2141198625   -64852896
 -1243202157 -1029015249   877806207  1287788633   617270032   780013049  2015596671   425822518
  1422841829 -2073843318  1795358813 -1315740189   551827980  1567356957   969375246 -2112193581
   287581383  1298828852  -711364069  1563980451  2145553836  1853119037 -1092038968   703298418
  1205812974  -611479504  1959071885  -852755226   948338278  1352478842   699615567   -34169970
  1172154928  -134237705   494438342    72649705 -1369412182   741656488  1335536929  1860697696
  1343655401 -2020217364 -1777164673  1055181841   948626410   894213495  -246602728   -56250996
  1132975125  -386128770  1833011856  -910410372 -1460893045  -483547198 -1393372136   -33782483
  1469420482  -395806948 -1545116616 -1355893047   576030646  -540622471  1337406691   301980262
   894203214  2120099524  -416931092  -197431040   309973637  1964375285  -611779878 -1384566255
   457247141 -1861136635 -1371437691  1875736222  -109024699  -599954698   142942113  1471616751
