# seeds for ifx (2025.1.0)
  1521706981   724991823
  1519675365   692485967
  1501063141   394690383
  1503356901   431390543
  1500276709   382107471
  1506174949   476479311
  1502767077   421953359
  1506764773   485916495
  1504667621   452362063
  1514629093   611745615
  1513711589   597065551
  1500014565   377913167
  1510500325   545685327
  1513318373   590774095
  1510434789   544636751
  1514694629   612794191
  1506240485   477527887
  1509320677   526810959
  1505847269   471236431
  1525442533   784760655
  1504864229   455507791
  1492412389   256278351
  1508075493   506888015
  1504143333   443973455
