# seeds for gfortran (14.2.1)
  1929283004  1286993653  -783959071  1735000326  -236383172  1703947324   404069656  1246358397
 -1310390660 -1896632123 -1975760558   422063985 -1856825221  1996591633  1660802659 -1987691489
   879044181  1087719459    94572624 -1850938667  -838952625    86591120  1351190598   771111094
 -1023783501  1260941961   993925435    -8464078 -1827922372  -559912582 -2028722879  1599604589
  1427646402  -766018915  -122181160  -398783261   189054637  1573872590   155778226 -1757394617
   370209102  -542106199  -400097903 -1409400543  1907040738  -228448780  1521729585  1631011582
  1189213088   967649503  -876863896  1364817208  1275057515  1911423269 -1648591846 -1526088503
  1599205311  -955103582 -1340428266 -2054761043 -1752877826   772439080  2115847365  -887524510
  -613700646 -1890575462  -846382819  -388549752   485624256  1737104186  2061073853  1892548052
  1779614873   741206922  2064382625  -992460391 -1578323648   131990085   -96264499  -825345431
  2083217149   374722578 -1713021792 -1338851641 -1879523498  1923916839   -61996454  -509074577
   574442591 -1574296050  1749794490   835313830     3457735  1919987872  -849477230  1778586105
   695575269   134033623  -808293794 -1610177720 -1836366520 -1552157658    70382696    55873994
 -2054731385  -171207989  1554834135 -1078811478 -1923733055  1259181455   558688158  1969493103
  -605284625   972652346    45154629  -529165176   829931788  1951259447   259293933   175862610
  1357108671 -1448964635  1999298157   745076039 -1261609675   871662431 -1934103388  1232434935
  1666776229   143439011  -231536424  1240574237   736580594   456318324   700974643   621880346
  1779367407 -1234990513  1261534810   886851610 -1078225558 -2069327756  -436643782 -1848776593
   250883517 -1771756677  1062219367  -672562951   908312688  -818716156  -432404303  -719710480
 -2084496082 -1994753226  -506175498  2045327262  1887798450  -229678075  1400954703   496661110
   503490337   193579329  -367374165  1441975698 -1798201710   527018938  -284303458 -1142031036
  -848052477 -2135891092   865909278 -1779741172 -1130271375 -1284954881  1882907749   567964941
  1855494121 -1185027950  -136721172 -1493383634  -732349474  -399082115 -1322753471  -301992096
  -946197038   723693187  -109645734  1326825706   143953719  2053955520  -483944812 -1238046481
  1642824338 -1058225846  -169000336  1665153909 -1707471880   948936444  -405052288    53307517
   714085391  1165802192  -418177068  1700076516  1027501884   885297570 -1099063430   724452735
   316604845  -104940005 -1288529584  2053376308  2044927507   622820274   336971235  -963776427
  1968876747 -1602363031  -907357999   144812880    56824687 -1414040245   291866017  1154878677
  1749363332  1279617266  2129349712   790839307 -1045536923 -1932978045  1376983879 -2102515301
 -2016972067  1677415868  1106870986 -1876737949   900048052   -75026323  -533738888  1483932353
 -1830089518 -1565043973  1032449585  1196798206  1600070317   169349133 -1406068200  -336305595
