  1270657072   861116340  -864025411  -602068643   423157147  1098919959  -346875968 -1297495019
  -218860398 -1202656646  2080134967   218614631   416142375  -463637665  1787724090  1599403552
 -1604354114  1125467877 -2019764673  -153520919   432507940 -1553498445  1869627496  1543734157
   926987901  -537176003 -1635047173 -1651785327  1280224446  1832731219   444342572 -1073434083
 -1672705532  1241596984 -1884888876  1859623228  1215299077 -1462390142   -45409277  1280950858
  -182645179  1697922786   152100353   663024159  1539173262   429831603  1506208599  -851681779
  1319720120   467054705 -1401361528 -1142193413   140868175  1933997481   500886960 -1335630780
  1736421204 -1340032305  1743817520  2137187035 -1724507627 -1148002656  1433157240 -1015597609
  1352852944   549847441 -1842697177  -759631680  -565349074  2006965377  -740417564  1459836365
    15914702  1493324396 -1685999425  1872046178  2022507232 -1433675062  -199625168 -1592855951
 -1406836685  -815294089   768756067    -5976767  -589725091  1051493880  1688962927  1724985608
  1034190611   646275095 -1027232516 -1084950711 -1128933128   708377121 -1000846590  2107123268
   -49603525  -936140308  -106417358 -1354280002   885064862   -59104458  1192883808  -191836431
  2039032828   243160453   467004207   623930633 -2025261733   619323767  -666454606   983267136
 -2091724169  1412089025  1064002791  2039407357 -1745647877   631027236  -428946486  2043617142
 -2058586748    18990172   326812934  1335372397  1871045071  -971672466 -1675331040  -401710760
  1928676187 -1607779118  -722237546   409778789   251503470  2062374015   701020359  1967219487
  1118281911  1406335172  -594187156  1854016864 -2044691019   178071577  1643496853 -1737370004
  -432390103  1986160910  -957419549   656245713  -265682833 -1187948151  1488170712   809533970
  -179127780  1783703459   299262051   511161449 -1451379711  1882131550  1793305437   953282906
 -2046367432 -1696731996  1114936044  -237272268  1560053278  1811807997   867871037  1038689581
 -1574257707 -1341729241 -1608509614   942265004   970416861  -332387649  1969387713 -1243236610
   -91645489  -860808256  1639780319  -541887617  -716689820  1116769107 -1868086088  1842803706
 -1472341379 -1903757245  -223320458   397237429  -842133702   168231368  1782881538   -65915801
 -1399760351  -100158974   730360485  2098655861 -1764945736   734820541 -1571624145  -816347918
   557824906   381122264  -152018714   818655886  2116054871 -2077853246 -1625170212   735022894
 -1039312061  -977043781  -512993009  -805834110  1884835441 -1625464048   517679629   114746664
  1798758261  -504935329  1152505752 -1447857930  -586430883  1680668333  -476051954   410632452
    36250998  2109753593  1491742921  1029996494  -364423285  1603419264  1506866491  -587415720
   860925792  1023604752   783551595 -1379032679  -248000495  1086032178 -1877548458  1272069190
   191839984   152390649   715792726  1602434678 -1189738761  1720690533 -1689764778   828888105
