# seeds for gfortran (12.2.1)
   903200549  1245321459   443916310 -1803412842    43157471 -1041999431  1938298848 -1219775292
  1583314493  2063039779 -1049540965  1876003930   300461254  -713002445 -1352585463   608252222
  -253863748  1736576939 -1464497826 -1742789069   593065396  1838528537   689776486   915356991
 -1422930929 -1114574117   587670952  -795165862  1081171839    33600353    91039296  1876840652
   366109440  -198503561  1851107784   693904431  -211835030  1440602569   919792102  -548523230
 -2019127753  1170595793  1719194415  -232511866  -823946688  -872676264  1547278378 -1910987550
   314307764   322159510   150331867  1750544737  1589920185  -297888880   889868249   792463242
   427166952   477036077   -45494514  1130379258  -495841538  -630942246  -566332875 -2144962907
  2052981944  2000638273   345068737   655313269 -1958187147 -2131609205 -1514282781  1692006888
   829883722  -205311208  -306270005   240051341  -965514877  1974921110 -2032841143   220319124
   512990775   938720128    63570315 -2041312171 -1883923909  -452047319   -20408563   975342263
 -1407854390 -2064176503 -1991413193 -1155620940    16271166  -627757486   734213610  2070124064
 -1755703854   361182895 -1384963242 -2113206303 -1394616834 -1277477418 -1684384827   851036442
   381955558  1555096086   781186529 -2039456726  1387806169     6451083  -981976416  -301613013
  1367477088  -474265809 -1471691498  -549106082 -1083001441  2103246671  2141245322 -1088723884
  -607935553 -1995313579  1854600385  -352729586  -903559604  -795548745   697257161  -722599590
  1266813850 -1132784907 -1096875805   800133213  -553982823  -189023312  -917896940  -178123714
   411730690  1166851456 -1563498725  -231630726 -1132859618   730311875   871717909  1609824279
    -8287503  -432513673  -435896438   310287491  -797512650   178266245    68020752  2045403413
   502457415  1088016440  -911287067  1202997208    50075059  -122113404 -1030174389   765844649
  1078199306  -375522720   107322953  1674419201   335800135 -1339076816   737363500  1821353538
   112951454 -1397665298 -1107292131  -448084515  -264367062  -569079672  1359225152 -1610363659
  1031888529  2103679275  -527310804 -1693852192   585941176  1406802323   -91943467   674047671
  1012144353  2112328585  -400663844  -899520676  -734889921    33785455 -1456584656 -1003560148
  1571616182    79260400   303898327  -122877774  -196664289     9679029   565731753  -650587360
  2081689687   867950687 -1228653572 -1762650807   -50871645  1504753621  1082971857 -2073190375
 -1358116911   951710840   798824404  1367247102  -841059646 -1322709046  1751151298  1856660040
 -1387147719     4552420 -1320014524 -1151686192  1073073109 -1516379789 -1108216684 -2133138984
  1822358052  -848606861 -1196772413 -1722997547  -453520430  -457146374  -702693801  -851648396
  1611509131   415127531   493104107   -44976420  -413277317   469444410  1574884180    71687703
 -1899833061   682732089   658273501 -1452308103  2074428667  -757623195  -572785860  1045284877
