# seeds for gfortran (14.2.1)
    -5409553  -252564567    61901615  1380818628  -540867649 -1790588147  -719976937    66018031
 -1702772758  1092145026 -1867778095  1055545198  1612912578  -416549071   312536452 -1592547842
 -1283462131  -447263303   261494023  -423825487   -17146863  -669631505  1804364697 -1483223671
 -1759167078  1601507221   582363502   718936358  -888473463   602099190 -2072101753  1931573187
  2100727910  1729552045 -2041746226  -545890675   279538032   503558638 -2023161234  1899702500
   268228625  2116157221   -86062951  2028800353   725732326  -400690131  1343989158  -289066671
 -1042832886  -581688526   150685379   -84338782  1013192520  -592500735 -1826857278 -1119458637
  1393891253 -1729162952 -1046750831 -1700182403  -237056664   216886546  -457176301  1787199927
 -1100870964 -1166948522  -136627693  -492583354  -950000736   561471347  1849297764  -665142058
  1704225889  1733608697 -1057638114   768389787   953744328 -1669640199  -751307651  1168101095
 -1391266259  1578050160  -956488238   489572773 -1134775197   754610898   507929853  -301969185
  -860393803   939371171  1943180942 -2120743451   544655386  -840848008  -505296948 -1687579113
  -798006004   574659441  -960816656  -309461738  -937043955  1500740889   -61928005 -1386363558
  1335709413   369188152  -347921698 -1212898493 -1949485656 -1597381340  1789988205  -200333278
  1207430890  -475896923 -1348967128 -1624140864  -485493698  -574115088   856842612   472495328
  1312876424  -172488385   -61347579  -220762938  2103266193 -1998720247  1798555281  -991031763
   138229134  1666599759   -28413044   420325404  1364379964  -592415688 -1422724479 -1422006285
   203818675  1572886830  -520269270   436168425   438240150    38729826  -555484074   517532587
 -1773256306    93327800 -1166443520   333833092  -463134738  1570387359  1285889411  2068273260
 -1624054890   323248118    67856886  1984675422   752691369 -1521868305  -319310734 -1897613193
  -786313795    -5185135 -1526105824 -2022110750  1136977923  -591722373  1382934600 -1635501661
 -1598057671  1471838281 -1363393829  1485622661  2013545341 -1643904468  -433699366  -164626672
   576796146  1551777153 -1110842611 -1724917037  -293898427  -669774245 -1229749327  1569085867
 -1515430075  1428428133  1406404069   215868252   465081270 -1234759113   651204349  -188940597
  1830369340  -864072903   165147022  1230254885  1604569003  1449347145  -853922261 -1491920219
  1380183900  -746416192  1592125529  1824491829   966173447  1676190860  1160742379  1785706443
    83643422  -276224135  1521149854  1220103294 -1817141617  -907847475  1367095042  -162909212
 -1381597266   451091288 -1948055422 -1640767426 -1590425074  2087541513  -444823249   102646890
  1710798578 -1082689848 -1530340151   637548399   515453592   757947769   275239513 -1890573241
  1432311649 -1946569565 -1498527034  -664680141 -1414686796  -841539058  -112312744   356797560
 -1215758201   762418277  -635636224  -628602798  1922926533  2049556493  1196510330  -822696928
