# seeds for gfortran (14.2.1)
  -685255405  1118849738  1067970656 -2121439930  -475013541  -656531390  -182561302  1696290117
   214284196  -338750034 -1999225481   857455114  1599503208 -1611106592  1413679565   449664060
 -2061860865  1927301374   459358834   823869092   942871961 -1638597865   544986842 -1467856917
  1701558887  1730179272    96450223   468402372 -1891170804   868926530  1145721863  1555150699
 -1759985031  -674954506  -869529841  -206041736   525265292 -1648409369  1282021528  1066376783
   953974953  -959961060  1613721450   273872824   111211004 -2041608885 -2022589231  -835916470
  -708926058 -1166135407   143063868   366616752  1819338686  1018127031  2018006715  -206780310
  -785302363 -1172713515 -1978113725  1000833421 -2063699426  1506535136  -958066259  1499673762
 -2043867882  1310937654   878608336   971261589   748510282  2050259803   544730562  -822072625
  -639495197  -850780040  1627036133   786273494 -1021884991 -1129375103  -703931855 -2056768651
  -372601640   119978643 -1265612724  -993150776  -350384329   317777683   815104101  1618509896
 -1514619282  1019672762 -1417101598 -1936918769  2003226033  1715459752  1334187145   371329129
  1169205059  -229811805  -559785737   210607915    87512176   630644666    45464328 -1365264470
  2075756379 -2104686252  1345718241 -1532521741 -1919714128    -8303322   580288654 -2110913896
 -1941004509 -1150209118 -1652494327   -27247226  -167771485 -1980255790 -1029850575  1974258287
    18902684   -26823176 -1256660807  -629831995   789888129  2014890634   157009486  2050696763
  1535861767  1903430968   615547890  1940061212 -1619149975 -1917142555 -1788905305 -2037589750
  -511324987   960670986  -471966494  -724055054  1550198801   296448269  1473837092 -1349782625
  2074123705  -417759055   499163692   485321852  -708644587 -1548418081  -202477613  1441801052
  -588241257  1837699939  1221434707   140745581   908862769   341118219   453801522 -1517281764
  -881627639  -622644877  2003717285  -124453245  1834460279  -699127770  2134358102 -1258695680
  -389845036   865346104  1413473266  -856320876  -241347232   936288575  1005084187   464245284
  1440525723  1985798862   441813968 -1437979448  1531625077 -1811020875  1516160522  -327834771
 -1605200444 -1243940501   709196761   307291621   941953931   -74921772  1232253896  1290071830
   336609436  -616628679  -984900120 -1956603010   929573136  -749301574  1880524356  1325841468
  1566558143  -276625605  1045878793  1481579340   206384490  1093471002   498815287  1185726931
 -1674050171  1421127769   915308401   385320736  1879257892   770452421 -1316085144 -1937246538
 -1385045536  -740893785  1325159153  -372577364   888850285 -2120762496   192261372   361764613
 -1981286950 -1215946563  1795449488  2012696414 -1354445246   617590962  1319314838   817126138
 -1742580482 -1133368132 -1492999514 -1752887859  -729237370  -122051763   321190318  -425932643
 -1489702088  1789893826  1761027763  -252285562  -959073865 -1660923516 -1398374909  -142562673
 -1308396291 -1137730641  1511930990  -140432919 -2091533527 -1686317304  -327641943   797129003
   730474499 -1557843738 -1671253563  -893661670  -289520207 -1097669927  -402825012 -1132921109
  1916497219  1305126826  -559684468 -1085566610   370070879 -1834569932  -582830959 -1722267561
 -1170793587 -1881054163 -1321941630  1081081173 -1828173532   685566783 -1299282195 -1420021687
  -729283835 -2045333885 -1608496518  1705821043 -1929730290   784928976   917417135  1989878677
 -2015848073 -1985837592 -1936214325   664545502  1859117318  -220812931  1134579626   937621036
  1548144021   283568299 -1096120353    37752060 -2130130604  -488895842  -953995266  -143400470
  -171000207  -688184863  -363265158  1997973409   794754753   287437691  -946907683  -200772263
  -685371306  -975627872  1451834744  -848737425  1240285643  1720247917  1724521438  -868599939
 -2054573107  1954882311 -1465972979   214464560  -748515527  -999065571  1155361451  -540326254
  -608757911 -1733006890 -1847096130 -1880195702 -1928950821  1907755036  1255576654 -2114696217
 -1734820292 -1890796798   664823109   993683039 -1936706863 -1015118398  1856904447   629029563
 -1387222562  1087864893  1704599819  1715565601   469387564  1243433695 -1794032466  -534830606
  1957093455 -1940684876  1002079343  1876289650  -746202359  1226716086   614154358  -131283204
  -813218816  -988087692  -166266849  1589386590 -2089165538  -194033018  1951013368  1060694774
  1913065692   707859125 -2070393555  1648319431 -1900761939  1784442837   731449703   219537038
  2138368973 -1313091162   387202550  2142296695  1073543220  -217415765   952076822  -309550943
  1002787474 -1800164195  -306227074  1673621035  1211479107   581005301   196191026 -1961964075
 -1346124831  1136227541 -1314908696  -348640487   581931842  -190564468  -557952304  1746463497
 -1332187067  -330853492 -1395757325  -353099858 -1693838599   923330001 -1707647520   304517326
  1310998097 -1592917988  -891340779    31251364  2047498042  -936887211  1018401677 -1185636271
   351175740  1318001913  1374225555   876044280 -2085911892  1505331899 -1673664995  2145620619
 -1672343991   601943402   461575196  1575381246   -58779637   966824041  -369343055 -1032025841
 -1600637695  -490909786  -342513974  -921240548  2065737701  1288229201  -745886732  1654652584
  1686758093  -761135814   791291306 -1378551752   -27492746   558454507   395272520  -123072457
  -135633125   841895263  1584512946  1523706380   870049325 -1281352332  1536680111  -749364573
  -563977988  -832427571 -1989841875   127024727  1612669356  -979027666  1754867569   -68593293
  1682096949 -1464095221  1886910244  1142045088 -1828546017  -165579616 -1616069563  1658180902
  2066719674  1428683768  1978368002  -323887534  -826951166   543823403   462854270  -834405083
  -259064504  1623155856  1655083284  -636844219  1948510752 -2118484828  -671918161  -523123098
 -1640685261   771257162  -184035674   543159753  -687231624 -1310031205   787074525 -1285727566
   630655459 -1596333995 -1823853774  -277237750   489355506   926880914   593468388   158123768
  1710840162 -1656966674   173932138  -283643299  -929203842   694720201    80625635   202050707
