# seeds for ifx (2025.0.4)
  1626564574   255229414
  1588226014  1789296351
  1583376350  1711701727
  1566468062  1441169119
  1567778782  1462140639
  1562208222  1373011679
  1577215966  1613135583
  1588160478  1788247775
  1590847454  1831239391
  1562732510  1381400287
  1581344734  1679195871
  1585670110  1748401887
  1577478110  1617329887
  1576822750  1606844127
  1569351646  1487306463
  1575970782  1593212639
  1576495070  1601601247
  1566861278  1447460575
  1580951518  1672904415
  1571186654  1516666591
  1574987742  1577483999
  1569351646  1487306463
  1576363998  1599504095
  1583179742  1708555999
  1579771870  1654030047
  1572169694  1532395231
  1567451102  1456897759
  1574725598  1573289695
  1574004702  1561755359
  1566205918  1436974815
  1599629278  1971748575
