   443181021   648445643
   424962013   356941515
   443049949   646348491
   434333661   506887883
   430925789   452361931
   422078429   310804171
   459761629   913735371
   426207197   376864459
   418080733   246841035
   423585757   334921419
   420833245   290881227
   423520221   333872843
   422012893   309755595
   436627421   543588043
   429352925   427196107
   424241117   345407179
   428828637   418807499
   431319005   458653387
   431122397   455507659
   428107741   407273163
   419063773   262569675
   425289693   362184395
   445278173   682000075
   427255773   393641675
   425093085   359038667
   440821725   610696907
   427190237   392593099
   433874909   499547851
   439576541   590773963
   446326749   698777291
   437872605   563510987
