# seeds for gfortran (14.2.1)
 -1839356959  1903612687  1230811786  -778602546  -102045042  2042006561   271039588  1900496461
  -173349600  1387366132  1255311230 -1956017704 -1156244571  1477433581  -533740707 -1850083876
  1118151507    98451737 -1322695768 -1985281487  1917802563   458432358  1156429872 -1087170627
 -1026089106 -1294592587  2016400230   541515971   830706734  -238971563 -1226228091  -846483016
   739595033 -1348943799  1251802025   -77676966   203128372   310611306 -1140623263   191290105
  1661099414  -174734493   100939516  1598157610  2090274100   161452626 -1556671138   220265299
  -489225527 -1912590747  -606230792  1917391039  1815424373  -335015964    71361659 -1562119336
   452877839 -1650898986  -601472643 -1108107130  -990144941  -600302523   536011391    39978555
 -1942184764  1567107228 -1973285500 -1043278658 -1252787954 -2079561057 -1212525514      185856
  -100769814 -1943914772  1869799034 -1508031119  -808562806  -244902279 -1711386910 -1435943980
   275337361  1474686058  1113368238   483098958     3886876  1646740505  1615099113  -857584522
  2110934050  1995606385 -1910823524 -1083683329  1637534772  -310332972  1929313243 -2060460026
  -293009427   834366328  -798034640   876895085  1503778499 -1749437029  -805981865   -32393969
  1097392739  2045516905  1031255949   261534038 -1215695888  1540785613  2059358049 -1223420442
   599030725  -434709837 -1784363122   -73770287   498862160 -1639562007  -546907525  1317208893
 -1831770308  -296730485  1421291733   528974857  -207638182   278193053 -1914748389  1880894688
   914304611    92842792  1736330606   -75673652  -655620003  -653160594  -769550264  1102622622
  -480238973 -1193745443 -1217115512  1145948134 -1224719931 -1712275620 -1964453112  2093421729
  -318757183   844190606 -1624774176 -1988307382  1022678147 -1648049449  1068290956 -1792167588
   -10344966  1297385678  -834017340 -1382065334  -128710894 -1149607216 -1356974297  1351694033
  1935970126  1649387539  1732924757  1318815769  -856684529  1495669330  -740231430  1441643867
  -872192618   568384303   221935492  1235142220   642344582 -1021871832 -1430405896  1839026923
  -392617411  -663343571  -471839357 -2111851141  1745601075 -1489780046  -191083011 -1150878005
   611974062 -1467977784   829165494   740353663  -900204503  1093251845 -1354919363  -540586549
   204124317  1469198915 -1842103278  2029415771  -577662010    84041197  -457691095  1422203877
  1364197572  1571521478  1890385181  1059631564  1674696100 -1554732315 -1361622328  -586994481
  -405010145   921183722  1103059175 -1386708057 -1095667206  1587423834  -831442030   974209921
    86393751  1818829218  -128609550  -379686274  2008786423  1460677744 -1204998798    63868725
  -294486643   745216333  2029696627  1511357000 -1306990491   244857852  -385017044   194863606
   768734394  1218435823    43023717 -1445914918  1943602667   323623287  1906578086 -1789824966
  2006727218 -1794975939  -958595069  -141094491 -1873423227 -1335292863  -907638182  1136415313
